Drone_data                      
          q_d       2.3     [Kg]
            W       1.5     [Kg]
            m       1.5     [Kg]
            g      9.81   [N/Kg]
        rho_d     1.204 [Kg/m^3]
         xi_d    0.0064    [m^2]
          h_d         6         
KWh_conv_fact  0.000017         
      ce_unit       306  [â‚¬/KWh]

Battery_data                      
             E_min  10.00  percent
             E_max 100.00  percent
           under_E  10.00  percent
max_energy_density   0.27 [KWh/Kg]
 minutes_conv_fact   0.60         
    charging power   0.90  [KW/Kg]
           omega_0   0.00         
               rho  20.00  minutes

Customers_data 
id t l_i st_i x_i y_i q_i
1 1 241.0 3 5946.0 3261.0 1.35
2 2 242.0 3 9524.0 5683.0 0.54
3 2 242.0 3 4800.0 5205.0 1.64
4 3 243.0 3 3768.0 3890.0 0.49
5 3 243.0 3 7271.0 2968.0 1.99
6 3 243.0 3 6364.0 3872.0 1.42
7 5 245.0 3 7680.0 4842.0 1.85
8 6 246.0 3 5301.0 4637.0 1.83
9 7 247.0 3 9968.0 5129.0 1.54
10 7 247.0 3 4997.0 2004.0 1.07
11 7 247.0 3 3328.0 7468.0 0.38
12 8 248.0 3 3800.0 5498.0 0.46
13 8 248.0 3 6934.0 2641.0 0.78
14 8 248.0 3 3889.0 2618.0 1.01
15 9 249.0 3 3000.0 4075.0 1.8
16 10 250.0 3 3140.0 4920.0 1.68
17 11 251.0 3 5954.0 5882.0 1.71
18 14 254.0 3 7452.0 4576.0 0.55
19 17 257.0 3 6175.0 4431.0 0.93
20 17 257.0 3 5350.0 1378.0 0.41
21 17 257.0 3 2799.0 4249.0 1.73
22 17 257.0 3 1492.0 4033.0 0.89
23 20 260.0 3 4501.0 2814.0 1.61
24 22 262.0 3 3736.0 2680.0 0.49
25 24 264.0 3 3331.0 10297.0 1.26
26 25 265.0 3 4360.0 6625.0 1.61
27 26 266.0 3 2492.0 7148.0 1.49
28 26 266.0 3 8146.0 5420.0 1.01
29 27 267.0 3 5520.0 5593.0 1.08
30 27 267.0 3 2910.0 10011.0 1.54
31 30 270.0 3 1830.0 9715.0 0.35
32 31 271.0 3 959.0 3329.0 1.14
33 31 271.0 3 4548.0 6304.0 1.77
34 31 271.0 3 5775.0 2773.0 1.92
35 31 271.0 3 3334.0 5585.0 1.36
36 33 273.0 3 7615.0 5378.0 1.37
37 35 275.0 3 7029.0 7562.0 0.57
38 35 275.0 3 3702.0 -192.0 0.89
39 36 276.0 3 4331.0 3283.0 0.84
40 39 279.0 3 9486.0 3989.0 0.4
41 39 279.0 3 3964.0 3092.0 0.78
42 40 280.0 3 3247.0 9579.0 1.48
43 44 284.0 3 5028.0 7349.0 0.95
44 46 286.0 3 7078.0 3156.0 1.76
45 48 288.0 3 5423.0 2800.0 0.37
46 48 288.0 3 4347.0 6480.0 1.21
47 49 289.0 3 5246.0 5080.0 1.04
48 49 289.0 3 2820.0 7953.0 0.76
49 53 293.0 3 6364.0 6740.0 0.58
50 55 295.0 3 7248.0 5972.0 1.13
51 55 295.0 3 5902.0 4762.0 1.71
52 57 297.0 3 3717.0 4820.0 0.93
53 58 298.0 3 2673.0 2578.0 1.43
54 62 302.0 3 5406.0 3534.0 1.09
55 63 303.0 3 60.0 5323.0 1.26
56 66 306.0 3 6738.0 7490.0 0.55
57 68 308.0 3 7199.0 6717.0 0.66
58 77 317.0 3 4987.0 7853.0 1.13
59 78 318.0 3 3699.0 4161.0 1.56
60 79 319.0 3 7745.0 5116.0 0.5
61 80 320.0 3 1268.0 1225.0 1.39
62 82 322.0 3 5395.0 4146.0 1.99
63 83 323.0 3 4943.0 1503.0 0.34
64 91 331.0 3 6864.0 2984.0 0.96
65 91 331.0 3 4585.0 5620.0 0.31
66 92 332.0 3 4360.0 3928.0 0.35
67 92 332.0 3 5176.0 4479.0 0.85
68 92 332.0 3 4747.0 3244.0 1.77
69 93 333.0 3 6142.0 1859.0 0.82
70 95 335.0 3 5927.0 5724.0 1.45
71 96 336.0 3 5099.0 378.0 0.97
72 98 338.0 3 8408.0 6712.0 1.36
73 100 340.0 3 6393.0 4208.0 0.68
74 100 340.0 3 3484.0 4179.0 1.58
75 101 341.0 3 4875.0 3345.0 1.17
76 106 346.0 3 6501.0 8638.0 0.41
77 107 347.0 3 6705.0 4016.0 1.38
78 109 349.0 3 8072.0 6478.0 1.63
79 109 349.0 3 3522.0 10084.0 0.69
80 111 351.0 3 6363.0 670.0 1.6
81 112 352.0 3 2511.0 -806.0 0.42
82 113 353.0 3 1690.0 2364.0 0.94
83 113 353.0 3 4419.0 9021.0 1.74
84 113 353.0 3 3276.0 5750.0 0.68
85 115 355.0 3 5699.0 4155.0 1.58
86 117 357.0 3 7232.0 3860.0 0.44
87 117 357.0 3 7516.0 1473.0 1.06
88 117 357.0 3 5350.0 4456.0 0.88
89 119 359.0 3 1359.0 6840.0 0.98
90 119 359.0 3 5799.0 3339.0 1.08
91 119 359.0 3 3409.0 6486.0 1.14
92 122 362.0 3 6167.0 1714.0 1.58
93 122 362.0 3 3599.0 1459.0 1.67
94 123 363.0 3 3836.0 7199.0 0.53
95 124 364.0 3 3630.0 4857.0 0.71
96 126 366.0 3 -43.0 3134.0 1.61
97 128 368.0 3 3580.0 5150.0 0.87
98 129 369.0 3 4272.0 4525.0 1.24
99 130 370.0 3 4198.0 6105.0 1.96
100 134 374.0 3 5910.0 4499.0 0.92
101 137 377.0 3 7166.0 6038.0 0.94
102 137 377.0 3 7337.0 2299.0 1.3
103 138 378.0 3 4244.0 7278.0 1.06
104 139 379.0 3 9181.0 5299.0 0.48
105 139 379.0 3 7779.0 8247.0 0.76
106 141 381.0 3 7527.0 6794.0 0.86
107 141 381.0 3 6009.0 4490.0 1.18
108 144 384.0 3 9566.0 2338.0 0.63
109 146 386.0 3 4532.0 6539.0 1.2
110 148 388.0 3 2081.0 3829.0 1.18
111 148 388.0 3 2691.0 7518.0 1.3
112 150 390.0 3 7382.0 3781.0 1.84
113 152 392.0 3 1736.0 6066.0 0.37
114 153 393.0 3 1379.0 3359.0 0.38
115 155 395.0 3 1772.0 5698.0 1.58
116 155 395.0 3 5563.0 3806.0 1.54
117 156 396.0 3 9368.0 7392.0 1.53
118 156 396.0 3 2556.0 5478.0 1.51
119 157 397.0 3 7616.0 1945.0 1.07
120 159 399.0 3 8625.0 3606.0 1.23
121 161 401.0 3 5827.0 740.0 0.84
122 162 402.0 3 6279.0 6347.0 1.7
123 163 403.0 3 5506.0 3483.0 0.56
124 164 404.0 3 4296.0 6073.0 1.02
125 165 405.0 3 4647.0 3641.0 1.79
126 166 406.0 3 7431.0 1219.0 1.75
127 167 407.0 3 7983.0 3367.0 0.4
128 169 409.0 3 6714.0 5661.0 1.83
129 170 410.0 3 4620.0 4921.0 1.44
130 174 414.0 3 3499.0 1709.0 1.95
131 175 415.0 3 6147.0 -135.0 1.62
132 177 417.0 3 2930.0 10552.0 0.31
133 178 418.0 3 5118.0 3797.0 1.08
134 178 418.0 3 1846.0 1083.0 1.74
135 178 418.0 3 4648.0 4376.0 0.33
136 178 418.0 3 3785.0 7948.0 1.38
137 178 418.0 3 7593.0 5268.0 0.45
138 179 419.0 3 3067.0 5595.0 0.83
139 182 422.0 3 5357.0 4117.0 0.63
140 182 422.0 3 5612.0 4411.0 0.67
141 183 423.0 3 1383.0 4433.0 0.38
142 185 425.0 3 8707.0 4309.0 1.78
143 188 428.0 3 2245.0 2208.0 0.72
144 190 430.0 3 3472.0 2421.0 1.14
145 196 436.0 3 8698.0 4738.0 1.34
146 197 437.0 3 7359.0 7993.0 1.45
147 197 437.0 3 5676.0 10568.0 0.39
148 199 439.0 3 5229.0 7654.0 1.18
149 200 440.0 3 2727.0 5199.0 0.9
150 204 444.0 3 3856.0 6906.0 0.72
151 205 445.0 3 6696.0 6069.0 0.62
152 210 450.0 3 5430.0 6822.0 0.35
153 211 451.0 3 6492.0 2566.0 0.38
154 212 452.0 3 3927.0 2129.0 0.79
155 214 454.0 3 1780.0 7298.0 0.66
156 215 455.0 3 6507.0 3777.0 1.95
157 216 456.0 3 9428.0 3019.0 0.39
158 216 456.0 3 7047.0 4826.0 0.79
159 220 460.0 3 5545.0 5476.0 1.32
160 220 460.0 3 5013.0 2123.0 1.86
161 220 460.0 3 4902.0 509.0 0.7
162 221 461.0 3 3868.0 5619.0 1.95
163 226 466.0 3 3279.0 7602.0 1.81
164 227 467.0 3 3412.0 6604.0 0.47
165 229 469.0 3 6205.0 5520.0 0.54
166 231 471.0 3 4092.0 3225.0 1.92
167 231 471.0 3 1235.0 4097.0 1.35
168 234 474.0 3 6665.0 2176.0 0.4
169 236 476.0 3 3798.0 4741.0 1.2
170 236 476.0 3 4022.0 6190.0 1.99
171 236 476.0 3 1247.0 780.0 1.24
172 239 479.0 3 5915.0 2170.0 0.6
173 242 482.0 3 2082.0 4140.0 0.34
174 242 482.0 3 1222.0 744.0 1.28
175 243 483.0 3 1796.0 7797.0 1.56
176 243 483.0 3 4818.0 5975.0 1.17
177 243 483.0 3 6639.0 1734.0 1.65
178 247 487.0 3 91.0 7275.0 0.65
179 248 488.0 3 7140.0 9526.0 0.72
180 248 488.0 3 2217.0 6367.0 1.4
181 248 488.0 3 1776.0 5435.0 0.67
182 250 490.0 3 6498.0 2625.0 1.68
183 250 490.0 3 4859.0 10922.0 1.23
184 253 493.0 3 4897.0 6246.0 1.47
185 253 493.0 3 4225.0 3372.0 0.53
186 255 495.0 3 5558.0 3878.0 0.35
187 257 497.0 3 5591.0 10405.0 1.11
188 261 501.0 3 3426.0 6396.0 0.72
189 264 504.0 3 5777.0 9976.0 1.97
190 267 507.0 3 5323.0 2782.0 0.65
191 269 509.0 3 5141.0 354.0 0.56
192 271 511.0 3 9271.0 7312.0 1.17
193 272 512.0 3 4861.0 5120.0 0.32
194 272 512.0 3 7826.0 5705.0 1.5
195 273 513.0 3 2915.0 1202.0 1.91
196 278 518.0 3 6473.0 4524.0 1.88
197 278 518.0 3 3279.0 7346.0 1.3
198 283 523.0 3 7056.0 7214.0 1.61
199 284 524.0 3 7928.0 6178.0 1.03
200 284 524.0 3 9746.0 2166.0 1.01
201 285 525.0 3 1912.0 6173.0 1.55
202 286 526.0 3 1820.0 8980.0 1.2
203 286 526.0 3 5797.0 4741.0 1.97
204 287 527.0 3 4271.0 6270.0 1.49
205 289 529.0 3 2215.0 4676.0 1.1
206 289 529.0 3 3662.0 8069.0 1.8
207 292 532.0 3 4971.0 7078.0 1.21
208 294 534.0 3 3709.0 7296.0 1.32
209 295 535.0 3 4162.0 7121.0 1.82
210 299 539.0 3 3581.0 4993.0 1.19
211 304 544.0 3 6654.0 5022.0 1.94
212 305 545.0 3 426.0 5891.0 1.28
213 305 545.0 3 6140.0 8849.0 0.5
214 305 545.0 3 1158.0 4655.0 0.91
215 306 546.0 3 3687.0 6762.0 1.12
216 307 547.0 3 3956.0 6401.0 0.86
217 308 548.0 3 5461.0 5380.0 1.2
218 308 548.0 3 3034.0 5584.0 0.34
219 309 549.0 3 5212.0 7501.0 1.84
220 310 550.0 3 5418.0 5449.0 1.21
221 311 551.0 3 5002.0 6571.0 1.76
222 312 552.0 3 6488.0 6421.0 1.34
223 313 553.0 3 6441.0 6021.0 0.64
224 315 555.0 3 4220.0 7190.0 1.96
225 315 555.0 3 2934.0 4669.0 1.72
226 315 555.0 3 3699.0 4983.0 1.72
227 316 556.0 3 7690.0 4215.0 0.81
228 316 556.0 3 4630.0 5277.0 0.68
229 318 558.0 3 7187.0 5118.0 1.62
230 318 558.0 3 7407.0 4068.0 1.99
231 318 558.0 3 7787.0 2468.0 1.13
232 320 560.0 3 3189.0 4306.0 0.92
233 321 561.0 3 5230.0 1443.0 1.97
234 323 563.0 3 5998.0 512.0 0.36
235 325 565.0 3 5695.0 6446.0 1.39
236 325 565.0 3 3248.0 3793.0 0.71
237 326 566.0 3 4807.0 2765.0 0.85
238 326 566.0 3 3085.0 7045.0 1.72
239 328 568.0 3 912.0 2352.0 0.71
240 330 570.0 3 5689.0 7090.0 1.77
241 330 570.0 3 3217.0 2555.0 1.14
242 331 571.0 3 5242.0 4140.0 1.98
243 331 571.0 3 1526.0 7059.0 1.82
244 335 575.0 3 2770.0 4216.0 1.55
245 336 576.0 3 7466.0 4338.0 1.58
246 338 578.0 3 5128.0 5824.0 1.81
247 339 579.0 3 5813.0 6695.0 1.22
248 339 579.0 3 5317.0 5908.0 1.35
249 339 579.0 3 8991.0 5468.0 0.76
250 345 585.0 3 -109.0 2880.0 1.11
251 345 585.0 3 9806.0 8551.0 1.19
252 347 587.0 3 2983.0 2435.0 1.13
253 347 587.0 3 6840.0 3985.0 1.55
254 347 587.0 3 3153.0 2007.0 1.05
255 349 589.0 3 4042.0 9639.0 1.77
256 351 591.0 3 2070.0 3230.0 0.6
257 351 591.0 3 5189.0 4943.0 0.75
258 353 593.0 3 3621.0 5191.0 1.34
259 353 593.0 3 4500.0 8116.0 0.53
260 354 594.0 3 -875.0 4174.0 0.65
261 358 598.0 3 5025.0 5972.0 1.6
262 360 600.0 3 2612.0 6932.0 1.52
263 361 601.0 3 4231.0 2637.0 0.33
264 361 601.0 3 648.0 6371.0 1.16
265 362 602.0 3 6945.0 6520.0 0.32
266 366 606.0 3 5094.0 4596.0 1.98
267 367 607.0 3 4377.0 5352.0 0.65
268 368 608.0 3 2738.0 4380.0 1.26
269 369 609.0 3 7944.0 3460.0 1.44
270 370 610.0 3 8844.0 7571.0 1.22
271 370 610.0 3 5184.0 2893.0 0.82
272 370 610.0 3 3342.0 6369.0 0.48
273 370 610.0 3 4235.0 7269.0 1.59
274 371 611.0 3 7225.0 6217.0 0.33
275 377 617.0 3 6060.0 7548.0 0.95
276 378 618.0 3 2747.0 867.0 1.48
277 381 621.0 3 7428.0 5677.0 0.76
278 383 623.0 3 1525.0 4138.0 1.91
279 385 625.0 3 4867.0 5151.0 1.08
280 385 625.0 3 3245.0 391.0 0.99
281 391 631.0 3 1946.0 8281.0 1.54
282 391 631.0 3 1760.0 7877.0 1.19
283 394 634.0 3 10287.0 4360.0 1.17
284 396 636.0 3 4588.0 9676.0 1.74
285 398 638.0 3 5336.0 2103.0 1.53
286 399 639.0 3 6554.0 5183.0 0.63
287 404 644.0 3 5645.0 6518.0 1.65
288 404 644.0 3 4309.0 7572.0 0.54
289 406 646.0 3 2436.0 7055.0 0.53
290 408 648.0 3 6457.0 4200.0 0.56
291 411 651.0 3 4799.0 376.0 1.06
292 411 651.0 3 6785.0 4158.0 0.99
293 412 652.0 3 5916.0 6467.0 1.9
294 412 652.0 3 3341.0 1242.0 0.55
295 414 654.0 3 8633.0 8216.0 1.44
296 414 654.0 3 5141.0 3410.0 1.57
297 414 654.0 3 7452.0 2165.0 1.0
298 415 655.0 3 6115.0 -64.0 1.08
299 415 655.0 3 4388.0 328.0 1.77
300 416 656.0 3 7074.0 6694.0 0.65
0 0 540 30 5000 5000 0
Num_drones 18
