Drone_data                      
          q_d       2.3     [Kg]
            W       1.5     [Kg]
            m       1.5     [Kg]
            g      9.81   [N/Kg]
        rho_d     1.204 [Kg/m^3]
         xi_d    0.0064    [m^2]
          h_d         6         
KWh_conv_fact  0.000017         
      ce_unit       306  [â‚¬/KWh]

Battery_data                      
             E_min  10.00  percent
             E_max 100.00  percent
           under_E  10.00  percent
max_energy_density   0.27 [KWh/Kg]
 minutes_conv_fact   0.60         
    charging power   0.90  [KW/Kg]
           omega_0   0.00         
               rho  20.00  minutes

Customers_data 
id t l_i st_i x_i y_i q_i
1 0 240.0 3 1957.0 5502.0 0.82
2 0 240.0 3 8564.0 2012.0 1.99
3 1 241.0 3 6155.0 9743.0 0.93
4 4 244.0 3 352.0 5693.0 1.41
5 4 244.0 3 3426.0 6758.0 0.59
6 6 246.0 3 4783.0 6051.0 0.41
7 8 248.0 3 4602.0 4824.0 1.47
8 10 250.0 3 8341.0 4009.0 1.51
9 17 257.0 3 485.0 3331.0 1.66
10 17 257.0 3 3012.0 4056.0 0.99
11 23 263.0 3 3115.0 9920.0 0.36
12 24 264.0 3 2615.0 6376.0 1.12
13 25 265.0 3 5341.0 2532.0 0.37
14 26 266.0 3 5075.0 8522.0 0.79
15 26 266.0 3 3098.0 6670.0 0.38
16 29 269.0 3 -482.0 6348.0 1.06
17 30 270.0 3 2000.0 3397.0 1.08
18 32 272.0 3 3844.0 3738.0 1.31
19 35 275.0 3 3415.0 3474.0 0.53
20 36 276.0 3 4082.0 1056.0 1.45
21 37 277.0 3 8164.0 9256.0 1.34
22 38 278.0 3 4592.0 7338.0 1.33
23 40 280.0 3 4775.0 2572.0 0.32
24 42 282.0 3 5187.0 7802.0 1.86
25 43 283.0 3 8672.0 2032.0 0.91
26 45 285.0 3 7866.0 7557.0 1.25
27 46 286.0 3 5583.0 3265.0 0.69
28 47 287.0 3 6498.0 4673.0 1.5
29 48 288.0 3 666.0 7219.0 1.28
30 49 289.0 3 919.0 6646.0 1.01
31 49 289.0 3 6057.0 3660.0 1.58
32 51 291.0 3 6097.0 5211.0 0.3
33 54 294.0 3 2955.0 4527.0 1.07
34 60 300.0 3 2190.0 4517.0 1.73
35 60 300.0 3 1890.0 5857.0 0.77
36 60 300.0 3 1023.0 2801.0 1.08
37 61 301.0 3 4317.0 7240.0 1.89
38 62 302.0 3 6971.0 -473.0 1.09
39 63 303.0 3 8151.0 621.0 0.5
40 63 303.0 3 4653.0 4421.0 1.3
41 64 304.0 3 5214.0 3529.0 1.73
42 65 305.0 3 3473.0 5740.0 1.61
43 68 308.0 3 3910.0 5819.0 0.73
44 70 310.0 3 6937.0 5889.0 1.66
45 70 310.0 3 2697.0 1817.0 1.42
46 71 311.0 3 2488.0 5275.0 1.97
47 73 313.0 3 7465.0 7542.0 1.41
48 74 314.0 3 7025.0 5237.0 0.8
49 74 314.0 3 3776.0 8411.0 1.68
50 75 315.0 3 6473.0 4355.0 0.57
51 78 318.0 3 7689.0 5730.0 0.65
52 81 321.0 3 1163.0 5398.0 1.2
53 85 325.0 3 1672.0 7978.0 1.76
54 86 326.0 3 2638.0 7930.0 1.41
55 86 326.0 3 7352.0 974.0 1.28
56 90 330.0 3 8227.0 7560.0 1.5
57 92 332.0 3 2614.0 4835.0 1.39
58 95 335.0 3 8451.0 4048.0 1.36
59 97 337.0 3 6668.0 1947.0 1.87
60 98 338.0 3 2063.0 1084.0 0.44
61 99 339.0 3 2996.0 5358.0 0.42
62 101 341.0 3 3393.0 9330.0 1.06
63 101 341.0 3 7285.0 5206.0 1.47
64 102 342.0 3 8503.0 7069.0 1.59
65 102 342.0 3 6049.0 6762.0 1.62
66 102 342.0 3 4340.0 2894.0 0.54
67 103 343.0 3 2703.0 4573.0 0.47
68 104 344.0 3 6140.0 8760.0 1.54
69 110 350.0 3 9221.0 2860.0 1.09
70 110 350.0 3 6187.0 372.0 1.74
71 110 350.0 3 7728.0 2736.0 1.23
72 112 352.0 3 5180.0 5466.0 0.87
73 114 354.0 3 6331.0 5567.0 1.57
74 116 356.0 3 5381.0 3460.0 0.45
75 117 357.0 3 5606.0 7712.0 0.51
76 121 361.0 3 3272.0 4910.0 0.87
77 122 362.0 3 1494.0 9407.0 0.72
78 126 366.0 3 1504.0 4371.0 0.71
79 128 368.0 3 3399.0 6671.0 1.74
80 128 368.0 3 6550.0 5499.0 1.78
81 129 369.0 3 3973.0 226.0 1.52
82 131 371.0 3 4877.0 3842.0 1.15
83 131 371.0 3 4128.0 8031.0 0.69
84 133 373.0 3 8033.0 5805.0 1.08
85 135 375.0 3 6280.0 3844.0 1.58
86 135 375.0 3 5493.0 8262.0 0.65
87 136 376.0 3 2507.0 4646.0 1.55
88 136 376.0 3 6338.0 3219.0 1.41
89 136 376.0 3 5817.0 6459.0 0.74
90 137 377.0 3 5256.0 4915.0 1.75
91 137 377.0 3 3044.0 3506.0 1.14
92 138 378.0 3 3582.0 3572.0 0.99
93 140 380.0 3 795.0 5964.0 1.94
94 140 380.0 3 2825.0 5848.0 0.8
95 142 382.0 3 6777.0 5220.0 1.86
96 142 382.0 3 4303.0 5076.0 0.62
97 144 384.0 3 1175.0 4882.0 1.51
98 144 384.0 3 6204.0 3841.0 1.4
99 145 385.0 3 8909.0 5330.0 1.93
100 145 385.0 3 4807.0 5506.0 0.4
101 146 386.0 3 4859.0 6096.0 1.57
102 148 388.0 3 7528.0 5724.0 0.76
103 151 391.0 3 6426.0 4429.0 1.96
104 153 393.0 3 437.0 5270.0 0.58
105 153 393.0 3 863.0 7167.0 1.99
106 153 393.0 3 6821.0 3603.0 1.53
107 154 394.0 3 3888.0 6205.0 0.49
108 155 395.0 3 6404.0 8788.0 1.0
109 156 396.0 3 5936.0 6621.0 1.31
110 162 402.0 3 4760.0 5524.0 1.51
111 164 404.0 3 6129.0 3729.0 0.91
112 166 406.0 3 2843.0 1288.0 0.72
113 167 407.0 3 3098.0 3299.0 1.54
114 169 409.0 3 9288.0 6408.0 1.27
115 170 410.0 3 5328.0 3695.0 0.36
116 175 415.0 3 4179.0 6476.0 1.7
117 175 415.0 3 4217.0 5604.0 0.84
118 178 418.0 3 4829.0 6114.0 1.31
119 179 419.0 3 5430.0 3349.0 1.94
120 180 420.0 3 3542.0 211.0 0.68
121 181 421.0 3 2189.0 1324.0 1.16
122 182 422.0 3 8176.0 4287.0 0.47
123 182 422.0 3 3680.0 8454.0 1.89
124 182 422.0 3 2581.0 -812.0 0.64
125 183 423.0 3 9869.0 6432.0 1.74
126 184 424.0 3 5983.0 6247.0 1.53
127 184 424.0 3 7051.0 8980.0 0.79
128 185 425.0 3 5333.0 5738.0 1.88
129 189 429.0 3 6274.0 9163.0 1.52
130 190 430.0 3 4149.0 4598.0 0.93
131 191 431.0 3 6606.0 7342.0 1.16
132 192 432.0 3 3197.0 4436.0 0.38
133 195 435.0 3 4759.0 3462.0 0.91
134 198 438.0 3 4910.0 3219.0 1.87
135 199 439.0 3 3883.0 7082.0 0.73
136 199 439.0 3 5910.0 8180.0 1.33
137 200 440.0 3 2429.0 3294.0 0.77
138 201 441.0 3 -19.0 5731.0 1.77
139 202 442.0 3 5631.0 3753.0 1.0
140 203 443.0 3 3953.0 2834.0 0.57
141 204 444.0 3 6793.0 4616.0 0.35
142 205 445.0 3 2328.0 7363.0 1.49
143 207 447.0 3 5357.0 3742.0 0.96
144 207 447.0 3 7286.0 5390.0 1.01
145 207 447.0 3 5044.0 4633.0 1.08
146 209 449.0 3 4216.0 1420.0 0.71
147 211 451.0 3 3817.0 7173.0 0.81
148 211 451.0 3 7983.0 6736.0 1.22
149 211 451.0 3 4402.0 7147.0 0.48
150 212 452.0 3 2386.0 4254.0 0.56
151 213 453.0 3 4212.0 3323.0 0.98
152 214 454.0 3 5361.0 4459.0 1.57
153 215 455.0 3 5532.0 1686.0 0.85
154 215 455.0 3 7802.0 868.0 0.95
155 216 456.0 3 2288.0 10036.0 0.64
156 218 458.0 3 2154.0 3277.0 1.48
157 219 459.0 3 9105.0 3607.0 1.77
158 219 459.0 3 2996.0 5727.0 1.64
159 220 460.0 3 4097.0 4420.0 1.51
160 221 461.0 3 6391.0 2558.0 0.67
161 222 462.0 3 7919.0 4075.0 0.61
162 223 463.0 3 2085.0 5549.0 1.68
163 224 464.0 3 4767.0 7162.0 1.52
164 225 465.0 3 5152.0 6855.0 1.6
165 226 466.0 3 6335.0 7871.0 1.98
166 226 466.0 3 2932.0 5106.0 1.48
167 226 466.0 3 3640.0 474.0 1.49
168 226 466.0 3 4292.0 2175.0 0.82
169 227 467.0 3 3391.0 3867.0 1.96
170 228 468.0 3 7214.0 6587.0 1.94
171 231 471.0 3 5557.0 4583.0 1.35
172 232 472.0 3 3572.0 6167.0 1.76
173 233 473.0 3 2254.0 5001.0 0.71
174 233 473.0 3 2801.0 3355.0 1.95
175 237 477.0 3 4009.0 4474.0 1.06
176 239 479.0 3 4925.0 3347.0 1.43
177 240 480.0 3 4831.0 3911.0 0.72
178 242 482.0 3 9764.0 2614.0 1.22
179 245 485.0 3 7626.0 4967.0 0.57
180 246 486.0 3 3357.0 4934.0 1.42
181 246 486.0 3 7689.0 3064.0 1.69
182 247 487.0 3 4371.0 3819.0 0.9
183 249 489.0 3 2819.0 8679.0 0.59
184 250 490.0 3 6739.0 5672.0 1.01
185 253 493.0 3 9353.0 8276.0 1.41
186 255 495.0 3 3055.0 3786.0 1.11
187 256 496.0 3 1671.0 7896.0 1.71
188 263 503.0 3 5600.0 2215.0 0.62
189 264 504.0 3 5538.0 8524.0 1.45
190 268 508.0 3 6952.0 8919.0 1.94
191 270 510.0 3 7408.0 6063.0 1.48
192 271 511.0 3 2830.0 11413.0 0.4
193 271 511.0 3 3541.0 4430.0 1.95
194 272 512.0 3 5686.0 4859.0 1.12
195 273 513.0 3 3124.0 6018.0 0.57
196 277 517.0 3 5516.0 1319.0 1.93
197 278 518.0 3 8151.0 7917.0 1.56
198 281 521.0 3 9816.0 6133.0 1.49
199 281 521.0 3 5373.0 4975.0 0.8
200 282 522.0 3 6129.0 3046.0 1.85
201 283 523.0 3 3901.0 2195.0 1.59
202 285 525.0 3 4176.0 6009.0 0.67
203 287 527.0 3 8895.0 9229.0 1.15
204 289 529.0 3 4263.0 4954.0 1.75
205 289 529.0 3 3332.0 5725.0 0.64
206 291 531.0 3 4352.0 1780.0 0.65
207 297 537.0 3 5148.0 7377.0 0.72
208 298 538.0 3 5527.0 6983.0 1.85
209 301 541.0 3 6881.0 7738.0 0.53
210 304 544.0 3 6557.0 2258.0 1.2
211 305 545.0 3 3590.0 5826.0 0.72
212 305 545.0 3 4791.0 5936.0 0.46
213 309 549.0 3 7051.0 5359.0 0.34
214 311 551.0 3 927.0 4858.0 0.97
215 311 551.0 3 5027.0 7636.0 1.36
216 313 553.0 3 5616.0 10493.0 0.38
217 313 553.0 3 4090.0 3620.0 1.94
218 313 553.0 3 3322.0 6381.0 0.48
219 313 553.0 3 7692.0 7270.0 0.68
220 315 555.0 3 3629.0 6454.0 0.56
221 316 556.0 3 1665.0 3389.0 1.77
222 316 556.0 3 3893.0 6795.0 0.82
223 317 557.0 3 3167.0 7203.0 0.95
224 318 558.0 3 3335.0 5432.0 1.0
225 320 560.0 3 4926.0 5086.0 1.81
226 320 560.0 3 1537.0 6014.0 1.49
227 321 561.0 3 5830.0 4221.0 0.53
228 323 563.0 3 4413.0 7403.0 1.85
229 326 566.0 3 8438.0 2668.0 1.38
230 329 569.0 3 2099.0 6549.0 1.97
231 329 569.0 3 -542.0 3811.0 0.79
232 329 569.0 3 7284.0 2448.0 1.42
233 332 572.0 3 7990.0 3885.0 2.0
234 334 574.0 3 8729.0 4210.0 1.18
235 335 575.0 3 5639.0 7236.0 1.35
236 337 577.0 3 2673.0 2022.0 0.96
237 338 578.0 3 4644.0 3739.0 1.49
238 340 580.0 3 4616.0 6841.0 1.83
239 342 582.0 3 9119.0 4566.0 1.79
240 342 582.0 3 6832.0 3001.0 0.73
241 343 583.0 3 7082.0 3887.0 1.41
242 344 584.0 3 4148.0 3471.0 1.35
243 346 586.0 3 4714.0 4012.0 1.88
244 352 592.0 3 5873.0 5770.0 1.72
245 353 593.0 3 1367.0 3502.0 1.15
246 354 594.0 3 9017.0 6192.0 1.98
247 354 594.0 3 6660.0 9690.0 1.52
248 354 594.0 3 3135.0 8109.0 1.82
249 357 597.0 3 6425.0 179.0 0.83
250 357 597.0 3 6735.0 3554.0 1.58
251 357 597.0 3 7441.0 2863.0 0.81
252 359 599.0 3 6526.0 3733.0 0.71
253 361 601.0 3 8697.0 9645.0 1.06
254 362 602.0 3 2266.0 7470.0 1.21
255 362 602.0 3 5173.0 5602.0 1.66
256 363 603.0 3 6575.0 4635.0 1.51
257 365 605.0 3 5694.0 5785.0 1.89
258 365 605.0 3 6172.0 7215.0 1.81
259 365 605.0 3 3265.0 4700.0 0.94
260 365 605.0 3 162.0 6226.0 1.48
261 367 607.0 3 4655.0 6714.0 1.49
262 368 608.0 3 5127.0 6965.0 1.09
263 369 609.0 3 2327.0 6552.0 1.22
264 369 609.0 3 1729.0 4130.0 1.16
265 370 610.0 3 5821.0 4978.0 1.86
266 371 611.0 3 5707.0 3069.0 0.75
267 372 612.0 3 8044.0 3837.0 0.3
268 373 613.0 3 5759.0 2873.0 0.57
269 374 614.0 3 4614.0 2750.0 0.49
270 375 615.0 3 5807.0 1796.0 1.67
271 375 615.0 3 2276.0 3996.0 0.78
272 375 615.0 3 3730.0 4833.0 1.93
273 376 616.0 3 7341.0 1759.0 1.66
274 377 617.0 3 2735.0 5848.0 0.78
275 380 620.0 3 5003.0 3894.0 1.72
276 381 621.0 3 3764.0 2588.0 1.38
277 381 621.0 3 7881.0 3013.0 1.98
278 382 622.0 3 5225.0 1464.0 1.4
279 384 624.0 3 5477.0 4193.0 1.33
280 387 627.0 3 1601.0 6392.0 0.37
281 390 630.0 3 3464.0 1447.0 0.32
282 391 631.0 3 2536.0 5182.0 0.88
283 392 632.0 3 6099.0 2106.0 0.74
284 393 633.0 3 7873.0 1913.0 0.92
285 394 634.0 3 6484.0 5308.0 1.51
286 395 635.0 3 5941.0 3772.0 1.21
287 395 635.0 3 6918.0 9777.0 1.26
288 396 636.0 3 6120.0 250.0 0.51
289 396 636.0 3 8725.0 2860.0 1.49
290 397 637.0 3 8457.0 3918.0 1.42
291 397 637.0 3 5127.0 4092.0 1.22
292 402 642.0 3 4662.0 7462.0 0.84
293 402 642.0 3 4118.0 2268.0 0.99
294 404 644.0 3 6031.0 3613.0 0.39
295 405 645.0 3 3666.0 7113.0 0.43
296 406 646.0 3 9766.0 7995.0 0.94
297 408 648.0 3 2570.0 10782.0 0.89
298 418 658.0 3 5246.0 6248.0 1.57
299 418 658.0 3 6372.0 7744.0 1.66
300 419 659.0 3 1199.0 6181.0 1.51
0 0 540 30 5000 5000 0
Num_drones 18
