Drone_data                      
          q_d       2.3     [Kg]
            W       1.5     [Kg]
            m       1.5     [Kg]
            g      9.81   [N/Kg]
        rho_d     1.204 [Kg/m^3]
         xi_d    0.0064    [m^2]
          h_d         6         
KWh_conv_fact  0.000017         
      ce_unit       306  [â‚¬/KWh]

Battery_data                      
             E_min  10.00  percent
             E_max 100.00  percent
           under_E  10.00  percent
max_energy_density   0.27 [KWh/Kg]
 minutes_conv_fact   0.60         
    charging power   0.90  [KW/Kg]
           omega_0   0.00         
               rho  20.00  minutes

Customers_data 
id t l_i st_i x_i y_i q_i
1 1 241.0 3 6595.0 5401.0 1.11
2 2 242.0 3 5974.0 6541.0 1.38
3 2 242.0 3 6738.0 6389.0 1.3
4 4 244.0 3 5428.0 6028.0 1.59
5 8 248.0 3 5038.0 3449.0 1.95
6 8 248.0 3 9857.0 5958.0 0.87
7 9 249.0 3 8424.0 4394.0 1.94
8 9 249.0 3 3490.0 5367.0 1.49
9 13 253.0 3 5966.0 5051.0 1.45
10 18 258.0 3 5396.0 3105.0 0.72
11 18 258.0 3 5482.0 5203.0 1.64
12 20 260.0 3 4490.0 9546.0 0.37
13 24 264.0 3 572.0 5837.0 1.58
14 24 264.0 3 9962.0 9370.0 0.66
15 27 267.0 3 6157.0 10323.0 0.91
16 27 267.0 3 4834.0 1871.0 0.84
17 27 267.0 3 3109.0 6842.0 1.64
18 29 269.0 3 3340.0 4880.0 1.64
19 32 272.0 3 6623.0 2586.0 0.84
20 43 283.0 3 2993.0 6861.0 1.65
21 44 284.0 3 7536.0 4523.0 0.37
22 44 284.0 3 2251.0 5061.0 1.41
23 47 287.0 3 10917.0 3858.0 0.68
24 48 288.0 3 5042.0 243.0 1.21
25 50 290.0 3 4404.0 8474.0 0.95
26 51 291.0 3 3360.0 1617.0 0.67
27 51 291.0 3 4200.0 6157.0 1.22
28 55 295.0 3 7107.0 6733.0 0.84
29 55 295.0 3 3259.0 6614.0 1.74
30 56 296.0 3 6057.0 10405.0 1.61
31 57 297.0 3 6056.0 560.0 1.98
32 58 298.0 3 4173.0 2422.0 1.19
33 59 299.0 3 4586.0 3899.0 1.24
34 61 301.0 3 5741.0 9224.0 1.98
35 62 302.0 3 4058.0 3754.0 1.54
36 63 303.0 3 5947.0 6635.0 0.34
37 63 303.0 3 3478.0 5818.0 0.32
38 65 305.0 3 5706.0 8840.0 1.1
39 65 305.0 3 6409.0 6114.0 1.94
40 67 307.0 3 4476.0 8568.0 1.64
41 71 311.0 3 8200.0 4170.0 0.72
42 72 312.0 3 4353.0 4331.0 1.92
43 73 313.0 3 8023.0 5733.0 1.3
44 73 313.0 3 5738.0 2963.0 1.23
45 78 318.0 3 6922.0 4224.0 1.47
46 79 319.0 3 3261.0 4085.0 1.45
47 82 322.0 3 5498.0 1605.0 1.81
48 84 324.0 3 8010.0 6462.0 0.75
49 86 326.0 3 6637.0 4977.0 0.35
50 87 327.0 3 4702.0 5191.0 1.61
51 87 327.0 3 4727.0 1815.0 1.8
52 88 328.0 3 3770.0 3846.0 1.53
53 90 330.0 3 4899.0 6114.0 1.14
54 91 331.0 3 5825.0 5365.0 1.74
55 92 332.0 3 7768.0 2897.0 0.7
56 92 332.0 3 1031.0 3263.0 1.74
57 93 333.0 3 9370.0 4446.0 0.84
58 95 335.0 3 7117.0 5227.0 0.78
59 95 335.0 3 9290.0 4105.0 1.6
60 97 337.0 3 5293.0 2468.0 1.29
61 98 338.0 3 7136.0 6043.0 1.74
62 102 342.0 3 6011.0 7678.0 1.35
63 102 342.0 3 2614.0 1304.0 1.9
64 103 343.0 3 4543.0 7692.0 0.81
65 104 344.0 3 6255.0 -34.0 0.86
66 106 346.0 3 1534.0 7467.0 0.76
67 107 347.0 3 6642.0 3407.0 1.34
68 108 348.0 3 8479.0 3522.0 0.72
69 109 349.0 3 8679.0 8300.0 1.2
70 111 351.0 3 7270.0 4492.0 1.06
71 111 351.0 3 4607.0 -324.0 0.67
72 112 352.0 3 3506.0 4132.0 1.08
73 112 352.0 3 2450.0 7654.0 1.66
74 112 352.0 3 5695.0 4670.0 0.53
75 113 353.0 3 6094.0 7078.0 1.77
76 115 355.0 3 6117.0 4149.0 1.44
77 116 356.0 3 3106.0 5866.0 1.52
78 116 356.0 3 5310.0 4994.0 0.72
79 116 356.0 3 5339.0 5652.0 0.64
80 117 357.0 3 6801.0 -422.0 0.85
81 117 357.0 3 2697.0 5225.0 1.71
82 117 357.0 3 5231.0 1377.0 1.35
83 120 360.0 3 3925.0 7182.0 0.79
84 120 360.0 3 5737.0 1426.0 1.43
85 120 360.0 3 5706.0 4246.0 0.71
86 125 365.0 3 3743.0 6622.0 0.79
87 126 366.0 3 4379.0 3760.0 1.33
88 126 366.0 3 -1918.0 6235.0 0.32
89 126 366.0 3 344.0 7491.0 1.28
90 127 367.0 3 7013.0 1811.0 1.16
91 127 367.0 3 9115.0 6701.0 1.47
92 129 369.0 3 9476.0 9285.0 0.57
93 130 370.0 3 7055.0 6482.0 1.81
94 131 371.0 3 6999.0 2492.0 0.91
95 132 372.0 3 8557.0 5728.0 1.55
96 132 372.0 3 8109.0 839.0 0.45
97 133 373.0 3 7531.0 2040.0 1.05
98 137 377.0 3 8638.0 7703.0 1.2
99 138 378.0 3 4213.0 8211.0 1.97
100 139 379.0 3 1614.0 8273.0 0.84
101 139 379.0 3 3259.0 4111.0 1.1
102 140 380.0 3 6625.0 2804.0 0.35
103 140 380.0 3 7333.0 6583.0 1.45
104 140 380.0 3 8196.0 3288.0 0.6
105 141 381.0 3 7109.0 6401.0 1.38
106 142 382.0 3 4909.0 5743.0 1.58
107 147 387.0 3 2531.0 6391.0 0.86
108 147 387.0 3 4511.0 6604.0 1.78
109 150 390.0 3 6529.0 4199.0 1.0
110 153 393.0 3 7543.0 4125.0 1.95
111 156 396.0 3 6403.0 6186.0 0.46
112 158 398.0 3 4458.0 3869.0 0.87
113 162 402.0 3 9405.0 4655.0 0.39
114 164 404.0 3 2668.0 3540.0 1.23
115 165 405.0 3 8076.0 4487.0 0.42
116 165 405.0 3 8700.0 6466.0 0.6
117 167 407.0 3 2592.0 3343.0 1.4
118 167 407.0 3 4966.0 3013.0 0.63
119 167 407.0 3 2951.0 4305.0 1.52
120 168 408.0 3 -1400.0 3861.0 0.46
121 169 409.0 3 2672.0 5895.0 0.96
122 170 410.0 3 5201.0 8113.0 0.75
123 171 411.0 3 4708.0 5099.0 1.39
124 171 411.0 3 8035.0 2844.0 0.83
125 171 411.0 3 2296.0 1700.0 0.52
126 176 416.0 3 845.0 4939.0 1.85
127 176 416.0 3 530.0 4429.0 0.33
128 176 416.0 3 6448.0 5332.0 0.4
129 179 419.0 3 5524.0 8490.0 1.29
130 179 419.0 3 1939.0 2896.0 1.49
131 180 420.0 3 7324.0 2175.0 0.9
132 180 420.0 3 4807.0 8553.0 0.55
133 181 421.0 3 7972.0 6568.0 1.33
134 181 421.0 3 888.0 5271.0 1.49
135 186 426.0 3 3288.0 7068.0 1.58
136 188 428.0 3 7169.0 7087.0 0.56
137 190 430.0 3 1862.0 4706.0 1.55
138 191 431.0 3 2081.0 5017.0 0.72
139 192 432.0 3 5424.0 5934.0 0.81
140 194 434.0 3 4281.0 8898.0 1.2
141 196 436.0 3 1567.0 4246.0 0.59
142 197 437.0 3 3387.0 2424.0 1.93
143 197 437.0 3 3721.0 1823.0 1.71
144 198 438.0 3 5406.0 3247.0 1.15
145 199 439.0 3 3592.0 9596.0 0.32
146 202 442.0 3 4411.0 5336.0 0.36
147 202 442.0 3 6830.0 7921.0 0.68
148 204 444.0 3 3104.0 3825.0 0.42
149 211 451.0 3 7288.0 7502.0 0.81
150 211 451.0 3 6079.0 2429.0 1.46
151 212 452.0 3 7893.0 5224.0 0.97
152 213 453.0 3 7530.0 5845.0 1.39
153 214 454.0 3 6225.0 5365.0 0.9
154 215 455.0 3 847.0 7368.0 1.29
155 219 459.0 3 5652.0 6926.0 0.44
156 221 461.0 3 2231.0 2002.0 1.36
157 222 462.0 3 3463.0 3315.0 1.43
158 223 463.0 3 8404.0 5489.0 0.57
159 225 465.0 3 5256.0 4575.0 0.77
160 227 467.0 3 4620.0 4530.0 0.95
161 229 469.0 3 3947.0 3811.0 1.61
162 230 470.0 3 3914.0 1366.0 0.77
163 231 471.0 3 10096.0 3972.0 1.63
164 234 474.0 3 6672.0 6370.0 0.98
165 235 475.0 3 802.0 6305.0 0.8
166 238 478.0 3 7164.0 4108.0 0.75
167 241 481.0 3 2769.0 4040.0 1.82
168 243 483.0 3 6266.0 6478.0 1.99
169 244 484.0 3 4207.0 7973.0 1.74
170 245 485.0 3 1567.0 2584.0 1.44
171 246 486.0 3 8089.0 2583.0 1.21
172 246 486.0 3 5936.0 5447.0 0.9
173 249 489.0 3 8253.0 3774.0 1.04
174 249 489.0 3 3518.0 3773.0 1.19
175 250 490.0 3 8607.0 3457.0 1.67
176 253 493.0 3 4268.0 5866.0 0.97
177 254 494.0 3 3147.0 5591.0 1.39
178 254 494.0 3 3499.0 7457.0 0.44
179 255 495.0 3 11046.0 4920.0 0.81
180 260 500.0 3 3994.0 6822.0 1.81
181 261 501.0 3 1897.0 6244.0 1.53
182 264 504.0 3 4044.0 3376.0 0.71
183 265 505.0 3 4045.0 3562.0 1.96
184 266 506.0 3 2520.0 4944.0 0.56
185 269 509.0 3 1562.0 9708.0 0.67
186 269 509.0 3 6138.0 2639.0 0.78
187 271 511.0 3 2146.0 4175.0 1.6
188 271 511.0 3 4152.0 6849.0 0.54
189 272 512.0 3 4757.0 3959.0 1.34
190 274 514.0 3 3511.0 7292.0 0.43
191 275 515.0 3 1528.0 7607.0 1.99
192 278 518.0 3 4901.0 3351.0 1.85
193 278 518.0 3 6479.0 5033.0 0.33
194 280 520.0 3 4084.0 6959.0 1.63
195 282 522.0 3 5048.0 2813.0 0.59
196 283 523.0 3 4730.0 5769.0 0.89
197 284 524.0 3 2238.0 3320.0 1.6
198 285 525.0 3 2597.0 7363.0 1.06
199 285 525.0 3 2022.0 5918.0 0.94
200 286 526.0 3 7031.0 4517.0 1.34
201 286 526.0 3 3248.0 6143.0 0.95
202 286 526.0 3 -1505.0 3695.0 0.74
203 287 527.0 3 4646.0 6443.0 1.3
204 288 528.0 3 3963.0 3761.0 0.41
205 289 529.0 3 5440.0 3808.0 0.75
206 290 530.0 3 5096.0 7289.0 1.52
207 292 532.0 3 8173.0 4111.0 0.77
208 294 534.0 3 1657.0 7188.0 1.46
209 295 535.0 3 4734.0 6414.0 1.97
210 299 539.0 3 4705.0 3331.0 1.31
211 299 539.0 3 9077.0 4184.0 0.33
212 299 539.0 3 4967.0 4135.0 1.45
213 300 540.0 3 3495.0 2930.0 1.66
214 300 540.0 3 3983.0 10184.0 1.12
215 300 540.0 3 6439.0 6116.0 1.46
216 301 541.0 3 3719.0 4428.0 1.14
217 303 543.0 3 9719.0 3651.0 1.49
218 303 543.0 3 6922.0 6570.0 0.43
219 303 543.0 3 2170.0 2457.0 0.44
220 308 548.0 3 1252.0 6025.0 1.82
221 310 550.0 3 3242.0 4555.0 1.37
222 313 553.0 3 3607.0 6334.0 0.97
223 313 553.0 3 1667.0 291.0 1.16
224 315 555.0 3 832.0 10090.0 0.72
225 315 555.0 3 3505.0 5836.0 0.35
226 316 556.0 3 3103.0 7993.0 1.77
227 318 558.0 3 5777.0 7166.0 0.59
228 319 559.0 3 5565.0 7713.0 0.97
229 320 560.0 3 3124.0 6043.0 0.97
230 321 561.0 3 5722.0 5464.0 1.89
231 322 562.0 3 10475.0 4407.0 0.95
232 322 562.0 3 6326.0 2743.0 0.47
233 322 562.0 3 3338.0 9342.0 1.87
234 324 564.0 3 3126.0 7136.0 1.98
235 325 565.0 3 4346.0 5981.0 1.35
236 325 565.0 3 8584.0 6273.0 0.79
237 331 571.0 3 5806.0 5539.0 0.75
238 331 571.0 3 545.0 4307.0 0.93
239 333 573.0 3 3722.0 5710.0 1.57
240 335 575.0 3 6092.0 3295.0 0.62
241 337 577.0 3 3971.0 2858.0 1.92
242 338 578.0 3 5471.0 1774.0 1.98
243 338 578.0 3 3302.0 8962.0 1.88
244 339 579.0 3 4324.0 7849.0 1.9
245 342 582.0 3 7852.0 2698.0 0.37
246 344 584.0 3 5133.0 960.0 0.92
247 345 585.0 3 3561.0 4700.0 1.17
248 346 586.0 3 5491.0 1448.0 1.83
249 347 587.0 3 2523.0 2474.0 1.56
250 347 587.0 3 2815.0 4888.0 1.12
251 348 588.0 3 1962.0 3619.0 1.07
252 348 588.0 3 3316.0 2147.0 1.13
253 349 589.0 3 9656.0 7175.0 1.31
254 349 589.0 3 3628.0 7685.0 1.36
255 351 591.0 3 3684.0 4556.0 1.98
256 356 596.0 3 4762.0 6675.0 0.77
257 359 599.0 3 2219.0 8654.0 0.59
258 359 599.0 3 5701.0 4097.0 0.84
259 360 600.0 3 5116.0 4350.0 1.31
260 360 600.0 3 -134.0 5527.0 0.84
261 361 601.0 3 4794.0 8623.0 0.8
262 365 605.0 3 1976.0 6854.0 1.68
263 366 606.0 3 6067.0 3745.0 1.46
264 367 607.0 3 5070.0 4889.0 1.48
265 367 607.0 3 686.0 7398.0 0.53
266 370 610.0 3 7088.0 7713.0 0.89
267 370 610.0 3 4839.0 8010.0 0.59
268 370 610.0 3 7628.0 3642.0 0.49
269 370 610.0 3 -133.0 4885.0 0.64
270 376 616.0 3 6011.0 863.0 0.42
271 377 617.0 3 3378.0 6927.0 1.06
272 378 618.0 3 4723.0 3189.0 0.51
273 379 619.0 3 7937.0 3990.0 0.32
274 381 621.0 3 3457.0 2858.0 1.81
275 383 623.0 3 5538.0 6161.0 0.9
276 383 623.0 3 5631.0 3436.0 1.33
277 384 624.0 3 4794.0 1835.0 1.44
278 387 627.0 3 3203.0 8705.0 1.56
279 389 629.0 3 8328.0 7488.0 0.51
280 390 630.0 3 5961.0 6137.0 1.09
281 391 631.0 3 7880.0 3873.0 1.53
282 391 631.0 3 1565.0 8517.0 1.23
283 393 633.0 3 4113.0 5773.0 1.77
284 394 634.0 3 5609.0 9269.0 0.83
285 394 634.0 3 3729.0 6033.0 1.7
286 395 635.0 3 9778.0 3784.0 1.94
287 398 638.0 3 1826.0 4914.0 0.77
288 400 640.0 3 3042.0 6808.0 1.01
289 400 640.0 3 9867.0 3437.0 0.97
290 402 642.0 3 3718.0 4712.0 1.88
291 405 645.0 3 3528.0 1314.0 1.93
292 405 645.0 3 3213.0 6389.0 0.6
293 409 649.0 3 3869.0 4046.0 0.68
294 411 651.0 3 5543.0 4803.0 1.05
295 411 651.0 3 273.0 7525.0 0.58
296 413 653.0 3 4524.0 5222.0 0.61
297 414 654.0 3 7221.0 7358.0 1.6
298 417 657.0 3 7579.0 5263.0 0.62
299 418 658.0 3 2356.0 8373.0 1.89
300 419 659.0 3 3575.0 6252.0 0.4
0 0 540 30 5000 5000 0
Num_drones 18
