Drone_data                      
          q_d       2.3     [Kg]
            W       1.5     [Kg]
            m       1.5     [Kg]
            g      9.81   [N/Kg]
        rho_d     1.204 [Kg/m^3]
         xi_d    0.0064    [m^2]
          h_d         6         
KWh_conv_fact  0.000017         
      ce_unit       306  [â‚¬/KWh]

Battery_data                      
             E_min  10.00  percent
             E_max 100.00  percent
           under_E  10.00  percent
max_energy_density   0.27 [KWh/Kg]
 minutes_conv_fact   0.60         
    charging power   0.90  [KW/Kg]
           omega_0   0.00         
               rho  20.00  minutes

Customers_data 
id t l_i st_i x_i y_i q_i
1 0 240.0 3 6880.0 2187.0 1.86
2 0 240.0 3 2714.0 2830.0 0.51
3 2 242.0 3 2723.0 322.0 0.97
4 3 243.0 3 7427.0 404.0 1.18
5 3 243.0 3 3353.0 3156.0 1.87
6 4 244.0 3 3466.0 4464.0 1.31
7 4 244.0 3 8273.0 690.0 0.78
8 5 245.0 3 7752.0 6494.0 1.97
9 5 245.0 3 5660.0 4265.0 1.33
10 8 248.0 3 4874.0 8826.0 0.83
11 8 248.0 3 4245.0 530.0 0.87
12 8 248.0 3 5556.0 9672.0 1.89
13 9 249.0 3 8272.0 3558.0 0.9
14 12 252.0 3 5550.0 9680.0 0.53
15 14 254.0 3 5288.0 9520.0 1.05
16 15 255.0 3 5425.0 5505.0 1.41
17 16 256.0 3 3441.0 7869.0 0.34
18 17 257.0 3 3575.0 2673.0 1.86
19 17 257.0 3 6915.0 8687.0 0.38
20 18 258.0 3 657.0 4251.0 0.87
21 20 260.0 3 5723.0 4190.0 1.92
22 20 260.0 3 5387.0 1053.0 1.28
23 21 261.0 3 5824.0 3029.0 0.66
24 30 270.0 3 7379.0 2918.0 0.37
25 32 272.0 3 8621.0 8355.0 1.08
26 33 273.0 3 3748.0 2238.0 0.31
27 33 273.0 3 7527.0 9323.0 1.98
28 33 273.0 3 9604.0 5580.0 1.22
29 34 274.0 3 5831.0 9426.0 1.09
30 35 275.0 3 4644.0 7682.0 1.05
31 36 276.0 3 6466.0 362.0 1.66
32 37 277.0 3 9518.0 2776.0 0.49
33 38 278.0 3 5043.0 4088.0 1.63
34 38 278.0 3 5302.0 2526.0 0.37
35 40 280.0 3 734.0 1724.0 0.66
36 40 280.0 3 6834.0 2081.0 1.93
37 41 281.0 3 4081.0 3668.0 1.93
38 44 284.0 3 9283.0 1286.0 0.39
39 44 284.0 3 7725.0 7762.0 0.74
40 46 286.0 3 5723.0 9780.0 0.42
41 47 287.0 3 7818.0 8174.0 0.82
42 51 291.0 3 2588.0 3850.0 1.77
43 51 291.0 3 1624.0 5840.0 1.73
44 52 292.0 3 6151.0 4491.0 1.29
45 55 295.0 3 9581.0 76.0 0.64
46 59 299.0 3 7934.0 3690.0 0.5
47 60 300.0 3 4695.0 9609.0 0.93
48 61 301.0 3 3801.0 6199.0 0.72
49 62 302.0 3 2170.0 6739.0 1.76
50 62 302.0 3 7465.0 8857.0 1.95
51 63 303.0 3 2293.0 4751.0 1.52
52 64 304.0 3 2470.0 4407.0 1.65
53 69 309.0 3 6073.0 9202.0 1.48
54 69 309.0 3 876.0 7970.0 0.46
55 71 311.0 3 2888.0 6520.0 1.8
56 73 313.0 3 5233.0 8987.0 0.37
57 73 313.0 3 3005.0 6981.0 0.69
58 73 313.0 3 865.0 9501.0 0.35
59 76 316.0 3 2546.0 1576.0 0.67
60 76 316.0 3 435.0 3039.0 1.04
61 80 320.0 3 8146.0 9713.0 0.47
62 85 325.0 3 6528.0 4119.0 0.91
63 85 325.0 3 8445.0 9893.0 0.63
64 86 326.0 3 3675.0 4993.0 0.55
65 89 329.0 3 7009.0 3602.0 1.76
66 91 331.0 3 4712.0 1054.0 1.3
67 91 331.0 3 2087.0 1027.0 1.69
68 92 332.0 3 1036.0 4783.0 1.95
69 92 332.0 3 748.0 1480.0 0.43
70 93 333.0 3 9539.0 2650.0 1.77
71 93 333.0 3 6618.0 3897.0 0.94
72 93 333.0 3 9573.0 3331.0 1.5
73 95 335.0 3 6025.0 8746.0 1.42
74 96 336.0 3 5171.0 1094.0 1.32
75 96 336.0 3 1092.0 1650.0 1.14
76 96 336.0 3 4587.0 3029.0 0.33
77 96 336.0 3 1194.0 4554.0 0.85
78 98 338.0 3 8477.0 1964.0 0.95
79 100 340.0 3 8451.0 6433.0 0.48
80 100 340.0 3 5886.0 2551.0 1.63
81 102 342.0 3 2797.0 3788.0 1.8
82 102 342.0 3 3769.0 7565.0 1.86
83 104 344.0 3 4973.0 8714.0 1.48
84 105 345.0 3 3900.0 9254.0 1.99
85 110 350.0 3 8886.0 5757.0 1.83
86 110 350.0 3 9108.0 1181.0 0.51
87 111 351.0 3 9151.0 8688.0 1.02
88 113 353.0 3 6111.0 6558.0 1.71
89 116 356.0 3 9946.0 6745.0 0.7
90 116 356.0 3 988.0 3534.0 1.86
91 118 358.0 3 5977.0 4697.0 0.73
92 118 358.0 3 5461.0 9641.0 0.33
93 119 359.0 3 743.0 4157.0 0.57
94 120 360.0 3 4496.0 6554.0 0.98
95 120 360.0 3 538.0 9341.0 0.68
96 122 362.0 3 2116.0 5274.0 1.89
97 125 365.0 3 1236.0 2558.0 0.5
98 130 370.0 3 8128.0 1156.0 0.94
99 130 370.0 3 9543.0 7969.0 0.37
100 131 371.0 3 1885.0 7603.0 0.35
101 131 371.0 3 7554.0 5911.0 0.57
102 133 373.0 3 5948.0 634.0 0.33
103 133 373.0 3 5826.0 166.0 0.71
104 133 373.0 3 6435.0 3573.0 1.66
105 135 375.0 3 5704.0 4760.0 0.99
106 137 377.0 3 478.0 4880.0 1.36
107 139 379.0 3 5560.0 814.0 0.59
108 140 380.0 3 9876.0 4437.0 0.97
109 141 381.0 3 9778.0 8787.0 0.71
110 142 382.0 3 8073.0 4195.0 1.7
111 145 385.0 3 3456.0 5727.0 1.98
112 145 385.0 3 635.0 9083.0 0.33
113 147 387.0 3 694.0 7562.0 1.78
114 148 388.0 3 7346.0 3148.0 1.45
115 148 388.0 3 1948.0 3718.0 0.65
116 148 388.0 3 6752.0 5930.0 1.18
117 149 389.0 3 4118.0 4800.0 0.75
118 149 389.0 3 8583.0 9347.0 1.19
119 149 389.0 3 3388.0 3288.0 1.36
120 150 390.0 3 5911.0 6148.0 0.79
121 151 391.0 3 3502.0 1894.0 1.31
122 152 392.0 3 3547.0 6893.0 0.91
123 152 392.0 3 6526.0 7503.0 0.62
124 154 394.0 3 9088.0 9066.0 1.05
125 155 395.0 3 4593.0 69.0 1.28
126 162 402.0 3 9153.0 149.0 0.99
127 162 402.0 3 7994.0 9036.0 0.68
128 162 402.0 3 5934.0 8512.0 1.03
129 162 402.0 3 7911.0 4693.0 1.01
130 163 403.0 3 5329.0 26.0 1.43
131 165 405.0 3 5940.0 7768.0 0.85
132 165 405.0 3 7968.0 5221.0 1.67
133 166 406.0 3 8093.0 7932.0 0.89
134 167 407.0 3 440.0 2096.0 1.16
135 167 407.0 3 2710.0 6187.0 1.28
136 169 409.0 3 7463.0 7504.0 0.49
137 172 412.0 3 1105.0 3701.0 1.95
138 173 413.0 3 3091.0 2155.0 1.85
139 174 414.0 3 3693.0 7655.0 0.86
140 174 414.0 3 2097.0 3728.0 0.36
141 175 415.0 3 4861.0 8037.0 0.68
142 175 415.0 3 4214.0 2250.0 1.92
143 177 417.0 3 2595.0 2754.0 1.11
144 178 418.0 3 7521.0 6844.0 1.0
145 181 421.0 3 4558.0 6730.0 0.91
146 183 423.0 3 220.0 9592.0 0.39
147 185 425.0 3 2222.0 6710.0 1.38
148 185 425.0 3 5875.0 6989.0 1.74
149 188 428.0 3 2471.0 9626.0 1.45
150 188 428.0 3 3390.0 6110.0 1.06
151 191 431.0 3 7950.0 2065.0 1.17
152 192 432.0 3 1077.0 852.0 0.52
153 193 433.0 3 7281.0 1567.0 1.04
154 194 434.0 3 4381.0 3925.0 0.65
155 195 435.0 3 4370.0 7435.0 1.74
156 196 436.0 3 3484.0 447.0 1.64
157 200 440.0 3 2561.0 8454.0 1.86
158 201 441.0 3 1031.0 2128.0 0.32
159 203 443.0 3 8388.0 1256.0 0.59
160 208 448.0 3 7934.0 9898.0 0.91
161 211 451.0 3 3184.0 6347.0 0.62
162 214 454.0 3 2372.0 9128.0 0.95
163 216 456.0 3 3713.0 634.0 1.87
164 217 457.0 3 1191.0 7772.0 0.38
165 219 459.0 3 811.0 5789.0 0.7
166 221 461.0 3 4274.0 111.0 1.54
167 222 462.0 3 466.0 7650.0 0.8
168 225 465.0 3 2064.0 4598.0 1.97
169 225 465.0 3 6187.0 7243.0 1.68
170 233 473.0 3 4546.0 5518.0 1.06
171 234 474.0 3 3108.0 8295.0 1.37
172 234 474.0 3 2712.0 9180.0 1.26
173 234 474.0 3 6461.0 819.0 1.8
174 236 476.0 3 1902.0 1234.0 0.81
175 236 476.0 3 7927.0 3204.0 1.53
176 241 481.0 3 4096.0 8541.0 1.12
177 241 481.0 3 6421.0 2765.0 1.84
178 242 482.0 3 5301.0 9405.0 0.94
179 243 483.0 3 8748.0 1010.0 1.34
180 244 484.0 3 7409.0 1276.0 0.39
181 246 486.0 3 2542.0 4247.0 1.11
182 250 490.0 3 3618.0 5061.0 0.76
183 252 492.0 3 3828.0 5736.0 1.09
184 252 492.0 3 8844.0 6657.0 1.61
185 252 492.0 3 476.0 7204.0 1.48
186 253 493.0 3 6941.0 3016.0 0.51
187 254 494.0 3 3415.0 7048.0 0.81
188 257 497.0 3 2309.0 6399.0 1.59
189 257 497.0 3 1706.0 5643.0 0.78
190 261 501.0 3 2648.0 5995.0 1.1
191 264 504.0 3 3512.0 374.0 0.36
192 266 506.0 3 6285.0 7945.0 1.5
193 266 506.0 3 1365.0 8953.0 1.37
194 267 507.0 3 8654.0 8370.0 1.93
195 268 508.0 3 1952.0 3040.0 0.99
196 269 509.0 3 3464.0 6205.0 0.73
197 270 510.0 3 1232.0 830.0 0.76
198 271 511.0 3 1275.0 9791.0 0.36
199 274 514.0 3 6238.0 8971.0 1.47
200 276 516.0 3 3095.0 3790.0 1.83
201 276 516.0 3 4465.0 4363.0 0.55
202 277 517.0 3 3535.0 3506.0 1.96
203 278 518.0 3 2263.0 964.0 1.08
204 279 519.0 3 3885.0 6377.0 0.33
205 280 520.0 3 7795.0 1141.0 0.61
206 282 522.0 3 3621.0 7536.0 0.44
207 285 525.0 3 688.0 9136.0 0.51
208 287 527.0 3 9391.0 1307.0 1.05
209 289 529.0 3 6340.0 440.0 1.58
210 289 529.0 3 5924.0 6350.0 0.58
211 294 534.0 3 5495.0 8916.0 0.68
212 296 536.0 3 8745.0 2751.0 0.42
213 296 536.0 3 4563.0 9039.0 0.81
214 301 541.0 3 5139.0 8800.0 1.76
215 301 541.0 3 3449.0 6846.0 1.84
216 301 541.0 3 6101.0 6076.0 1.09
217 302 542.0 3 6016.0 916.0 0.93
218 303 543.0 3 1485.0 3736.0 0.41
219 305 545.0 3 3589.0 6544.0 0.55
220 306 546.0 3 2599.0 2030.0 0.79
221 310 550.0 3 6720.0 3200.0 1.52
222 313 553.0 3 6123.0 2148.0 0.47
223 313 553.0 3 5079.0 1279.0 0.65
224 314 554.0 3 583.0 8497.0 0.61
225 315 555.0 3 181.0 716.0 0.66
226 316 556.0 3 1448.0 5661.0 0.91
227 316 556.0 3 4332.0 2470.0 1.82
228 316 556.0 3 3045.0 8391.0 1.43
229 318 558.0 3 7917.0 7563.0 1.66
230 321 561.0 3 1703.0 4652.0 0.57
231 322 562.0 3 266.0 322.0 0.54
232 322 562.0 3 2234.0 2979.0 1.65
233 322 562.0 3 8026.0 7398.0 0.93
234 326 566.0 3 7688.0 9830.0 0.4
235 326 566.0 3 4662.0 9851.0 0.85
236 327 567.0 3 6527.0 6226.0 1.89
237 331 571.0 3 6906.0 9922.0 0.7
238 334 574.0 3 6580.0 8089.0 1.4
239 335 575.0 3 8096.0 9213.0 0.43
240 335 575.0 3 6623.0 3058.0 0.43
241 335 575.0 3 7975.0 9370.0 1.17
242 336 576.0 3 5859.0 7326.0 0.45
243 346 586.0 3 3109.0 8293.0 1.61
244 353 593.0 3 8269.0 3845.0 1.34
245 353 593.0 3 4244.0 1680.0 1.87
246 355 595.0 3 2549.0 4114.0 1.56
247 357 597.0 3 1228.0 8930.0 0.45
248 359 599.0 3 6351.0 6863.0 0.38
249 360 600.0 3 4307.0 5501.0 0.49
250 364 604.0 3 1437.0 7255.0 1.3
251 364 604.0 3 5732.0 9864.0 1.82
252 365 605.0 3 1053.0 1611.0 1.32
253 366 606.0 3 4100.0 5811.0 1.55
254 367 607.0 3 9419.0 7188.0 1.38
255 368 608.0 3 5770.0 9910.0 0.73
256 368 608.0 3 9237.0 5933.0 1.87
257 368 608.0 3 508.0 2337.0 0.32
258 368 608.0 3 8104.0 643.0 0.96
259 372 612.0 3 7812.0 6002.0 0.47
260 372 612.0 3 2838.0 1401.0 1.95
261 372 612.0 3 7758.0 6278.0 1.72
262 375 615.0 3 8103.0 3090.0 0.39
263 376 616.0 3 5020.0 9378.0 0.88
264 376 616.0 3 2310.0 4759.0 1.25
265 378 618.0 3 2909.0 6377.0 0.87
266 380 620.0 3 9148.0 4690.0 1.15
267 381 621.0 3 1774.0 4306.0 0.78
268 383 623.0 3 4294.0 6586.0 1.67
269 383 623.0 3 9283.0 5146.0 1.4
270 384 624.0 3 9480.0 4938.0 0.6
271 384 624.0 3 7067.0 5190.0 1.59
272 386 626.0 3 2531.0 8897.0 0.53
273 388 628.0 3 6350.0 7622.0 1.78
274 391 631.0 3 7660.0 9357.0 1.55
275 391 631.0 3 7978.0 8682.0 1.04
276 393 633.0 3 4945.0 1790.0 0.93
277 397 637.0 3 3414.0 7105.0 1.23
278 398 638.0 3 7411.0 875.0 1.12
279 398 638.0 3 2576.0 4341.0 0.43
280 399 639.0 3 8368.0 3047.0 0.4
281 400 640.0 3 3531.0 6265.0 1.06
282 401 641.0 3 8506.0 1654.0 1.14
283 401 641.0 3 1902.0 6474.0 0.99
284 403 643.0 3 4777.0 6769.0 1.68
285 403 643.0 3 3174.0 1066.0 1.34
286 403 643.0 3 1929.0 8589.0 1.8
287 405 645.0 3 6322.0 5809.0 1.46
288 406 646.0 3 456.0 6933.0 0.83
289 408 648.0 3 7073.0 5510.0 0.37
290 409 649.0 3 6590.0 2923.0 0.85
291 409 649.0 3 7807.0 5307.0 1.25
292 410 650.0 3 8313.0 1954.0 0.96
293 411 651.0 3 4341.0 3741.0 1.25
294 412 652.0 3 3243.0 537.0 0.52
295 413 653.0 3 7197.0 6003.0 0.96
296 414 654.0 3 2831.0 5861.0 1.06
297 414 654.0 3 6702.0 7465.0 1.88
298 414 654.0 3 6278.0 5613.0 1.42
299 416 656.0 3 7056.0 7115.0 0.75
300 417 657.0 3 2837.0 2323.0 1.21
0 0 540 30 5000 5000 0
Num_drones 18
