Drone_data                      
          q_d       2.3     [Kg]
            W       1.5     [Kg]
            m       1.5     [Kg]
            g      9.81   [N/Kg]
        rho_d     1.204 [Kg/m^3]
         xi_d    0.0064    [m^2]
          h_d         6         
KWh_conv_fact  0.000017         
      ce_unit       306  [â‚¬/KWh]

Battery_data                      
             E_min  10.00  percent
             E_max 100.00  percent
           under_E  10.00  percent
max_energy_density   0.27 [KWh/Kg]
 minutes_conv_fact   0.60         
    charging power   0.90  [KW/Kg]
           omega_0   0.00         
               rho  20.00  minutes

Customers_data 
id t l_i st_i x_i y_i q_i
1 1 241.0 3 1656.0 4881.0 1.99
2 3 243.0 3 6420.0 2584.0 0.45
3 5 245.0 3 4334.0 1717.0 0.48
4 9 249.0 3 1753.0 4602.0 0.65
5 9 249.0 3 6099.0 9873.0 1.34
6 10 250.0 3 6523.0 6237.0 1.5
7 13 253.0 3 11073.0 6689.0 0.53
8 17 257.0 3 2227.0 6106.0 0.88
9 18 258.0 3 3328.0 10586.0 0.71
10 22 262.0 3 11800.0 5922.0 0.47
11 23 263.0 3 7124.0 3840.0 1.6
12 24 264.0 3 8111.0 1204.0 1.39
13 26 266.0 3 7232.0 10041.0 1.42
14 27 267.0 3 1889.0 7849.0 1.11
15 29 269.0 3 4048.0 4793.0 0.97
16 31 271.0 3 1107.0 5768.0 1.54
17 31 271.0 3 8681.0 3884.0 1.06
18 32 272.0 3 1677.0 6452.0 0.73
19 36 276.0 3 3849.0 1296.0 1.79
20 37 277.0 3 3225.0 6093.0 0.82
21 37 277.0 3 2162.0 5870.0 0.43
22 38 278.0 3 7705.0 757.0 0.38
23 43 283.0 3 6281.0 1913.0 1.77
24 44 284.0 3 1833.0 6804.0 1.63
25 45 285.0 3 1481.0 5742.0 0.85
26 46 286.0 3 6726.0 2261.0 0.43
27 46 286.0 3 4312.0 6793.0 1.83
28 47 287.0 3 1498.0 8153.0 0.77
29 48 288.0 3 4003.0 8606.0 1.21
30 51 291.0 3 9568.0 4282.0 1.3
31 51 291.0 3 2728.0 3180.0 1.05
32 52 292.0 3 2632.0 4372.0 1.61
33 53 293.0 3 6391.0 6052.0 1.31
34 54 294.0 3 4349.0 -561.0 0.88
35 54 294.0 3 3330.0 7568.0 0.43
36 55 295.0 3 5957.0 6948.0 0.77
37 58 298.0 3 6078.0 3964.0 1.6
38 58 298.0 3 2758.0 3803.0 0.36
39 59 299.0 3 7604.0 4784.0 0.73
40 60 300.0 3 6127.0 5901.0 0.37
41 61 301.0 3 4986.0 5715.0 1.59
42 61 301.0 3 1621.0 4287.0 1.66
43 62 302.0 3 6461.0 2895.0 0.38
44 65 305.0 3 2217.0 3656.0 1.36
45 66 306.0 3 5176.0 5286.0 0.33
46 83 323.0 3 7045.0 7252.0 0.44
47 86 326.0 3 7715.0 1279.0 1.15
48 87 327.0 3 3758.0 1636.0 1.05
49 87 327.0 3 1122.0 3985.0 1.11
50 88 328.0 3 2576.0 236.0 1.42
51 89 329.0 3 6481.0 50.0 0.93
52 89 329.0 3 5177.0 7682.0 1.57
53 92 332.0 3 4667.0 5399.0 1.72
54 92 332.0 3 3124.0 8664.0 0.9
55 93 333.0 3 5854.0 204.0 1.68
56 94 334.0 3 2859.0 6910.0 0.86
57 94 334.0 3 9107.0 5868.0 1.61
58 95 335.0 3 6893.0 4115.0 1.69
59 97 337.0 3 1959.0 2003.0 1.62
60 97 337.0 3 7504.0 6675.0 1.54
61 101 341.0 3 1913.0 2833.0 1.57
62 103 343.0 3 5235.0 3673.0 0.84
63 103 343.0 3 6320.0 2127.0 1.44
64 104 344.0 3 6739.0 5749.0 0.92
65 107 347.0 3 6963.0 7322.0 0.44
66 107 347.0 3 5578.0 7334.0 0.85
67 108 348.0 3 3887.0 8211.0 1.55
68 110 350.0 3 3544.0 9815.0 0.38
69 110 350.0 3 5935.0 1642.0 0.65
70 113 353.0 3 7741.0 6929.0 1.95
71 113 353.0 3 4946.0 2825.0 0.46
72 116 356.0 3 4357.0 1955.0 0.79
73 120 360.0 3 1586.0 2061.0 1.27
74 121 361.0 3 3901.0 7219.0 1.8
75 124 364.0 3 6556.0 335.0 0.64
76 127 367.0 3 3678.0 4408.0 1.94
77 129 369.0 3 6545.0 2496.0 0.33
78 130 370.0 3 6324.0 9360.0 1.11
79 131 371.0 3 8468.0 6361.0 1.85
80 131 371.0 3 2197.0 373.0 0.52
81 132 372.0 3 3043.0 1282.0 1.15
82 133 373.0 3 5814.0 5223.0 1.99
83 134 374.0 3 5504.0 3513.0 0.36
84 134 374.0 3 5725.0 3799.0 1.29
85 135 375.0 3 6230.0 6510.0 1.13
86 135 375.0 3 4458.0 4275.0 1.52
87 136 376.0 3 4952.0 -46.0 0.61
88 136 376.0 3 2135.0 4846.0 1.09
89 138 378.0 3 10544.0 8034.0 0.6
90 139 379.0 3 -984.0 4589.0 0.7
91 143 383.0 3 5134.0 6288.0 1.53
92 143 383.0 3 3700.0 2064.0 0.36
93 144 384.0 3 5149.0 5038.0 1.74
94 144 384.0 3 4009.0 2846.0 0.89
95 146 386.0 3 10276.0 8239.0 0.54
96 147 387.0 3 4571.0 3668.0 1.2
97 148 388.0 3 4138.0 6001.0 1.5
98 149 389.0 3 6414.0 4354.0 0.57
99 149 389.0 3 6158.0 8893.0 1.09
100 150 390.0 3 5951.0 2310.0 1.33
101 150 390.0 3 5480.0 3899.0 1.23
102 150 390.0 3 4531.0 2530.0 1.53
103 153 393.0 3 2115.0 7322.0 0.55
104 153 393.0 3 5266.0 8006.0 1.8
105 153 393.0 3 6899.0 1063.0 0.45
106 154 394.0 3 8872.0 5962.0 1.93
107 156 396.0 3 11133.0 1659.0 0.43
108 157 397.0 3 2607.0 6584.0 1.59
109 159 399.0 3 6800.0 7016.0 1.58
110 161 401.0 3 7298.0 7938.0 1.32
111 164 404.0 3 3434.0 6113.0 1.32
112 165 405.0 3 -810.0 5688.0 1.27
113 167 407.0 3 4779.0 7863.0 1.59
114 169 409.0 3 4386.0 8165.0 1.47
115 170 410.0 3 6297.0 2332.0 1.66
116 170 410.0 3 6211.0 4458.0 1.72
117 172 412.0 3 8306.0 768.0 0.39
118 173 413.0 3 2737.0 3801.0 1.85
119 173 413.0 3 3969.0 3825.0 0.83
120 173 413.0 3 5340.0 1160.0 1.12
121 175 415.0 3 7310.0 7873.0 1.32
122 177 417.0 3 7033.0 476.0 1.91
123 178 418.0 3 3385.0 5381.0 0.81
124 181 421.0 3 6463.0 5147.0 1.31
125 181 421.0 3 5427.0 -469.0 0.48
126 183 423.0 3 5433.0 1553.0 0.8
127 184 424.0 3 4098.0 357.0 0.93
128 185 425.0 3 10575.0 7127.0 0.92
129 187 427.0 3 2913.0 3191.0 0.68
130 187 427.0 3 3804.0 8225.0 0.8
131 188 428.0 3 4755.0 6031.0 1.07
132 191 431.0 3 6982.0 10727.0 0.4
133 192 432.0 3 5377.0 4667.0 1.53
134 194 434.0 3 10619.0 3629.0 0.75
135 194 434.0 3 4855.0 5614.0 1.08
136 194 434.0 3 1195.0 6559.0 1.54
137 196 436.0 3 4717.0 8409.0 0.58
138 198 438.0 3 5051.0 1747.0 1.06
139 199 439.0 3 4987.0 4211.0 1.63
140 201 441.0 3 5105.0 5138.0 1.29
141 202 442.0 3 4802.0 4433.0 1.33
142 202 442.0 3 5793.0 2312.0 0.89
143 202 442.0 3 5442.0 9202.0 0.68
144 203 443.0 3 3492.0 2220.0 0.38
145 203 443.0 3 3521.0 3833.0 0.69
146 204 444.0 3 7581.0 5319.0 1.98
147 204 444.0 3 3023.0 2768.0 0.53
148 204 444.0 3 7928.0 2074.0 0.94
149 205 445.0 3 5450.0 2799.0 1.74
150 205 445.0 3 5835.0 2083.0 0.35
151 206 446.0 3 6985.0 5105.0 2.0
152 207 447.0 3 8146.0 3503.0 0.55
153 208 448.0 3 6481.0 1410.0 0.5
154 208 448.0 3 5248.0 8095.0 0.48
155 209 449.0 3 3821.0 4597.0 1.89
156 211 451.0 3 4844.0 348.0 1.95
157 212 452.0 3 5969.0 5676.0 1.16
158 212 452.0 3 4900.0 10189.0 0.41
159 215 455.0 3 5824.0 8123.0 1.09
160 215 455.0 3 6829.0 3206.0 0.5
161 219 459.0 3 5597.0 9374.0 1.01
162 220 460.0 3 6074.0 10479.0 0.76
163 222 462.0 3 6820.0 3524.0 0.95
164 222 462.0 3 6890.0 7854.0 1.98
165 222 462.0 3 8572.0 7131.0 0.5
166 223 463.0 3 2930.0 7391.0 1.52
167 226 466.0 3 2829.0 6342.0 1.92
168 226 466.0 3 7346.0 9497.0 1.36
169 226 466.0 3 5668.0 4466.0 1.32
170 226 466.0 3 6168.0 7195.0 0.38
171 227 467.0 3 6261.0 2734.0 1.2
172 228 468.0 3 2640.0 4306.0 1.8
173 231 471.0 3 2182.0 2291.0 0.72
174 232 472.0 3 1890.0 3294.0 0.93
175 232 472.0 3 2281.0 7300.0 0.75
176 232 472.0 3 5424.0 9953.0 1.23
177 235 475.0 3 8849.0 4669.0 0.59
178 236 476.0 3 8920.0 3007.0 0.43
179 238 478.0 3 3423.0 3787.0 1.92
180 241 481.0 3 7826.0 6848.0 0.59
181 243 483.0 3 6027.0 4522.0 1.56
182 248 488.0 3 3762.0 793.0 1.3
183 248 488.0 3 8196.0 7027.0 0.73
184 252 492.0 3 5432.0 2796.0 1.72
185 253 493.0 3 3466.0 7720.0 0.45
186 254 494.0 3 6464.0 6410.0 1.06
187 255 495.0 3 7193.0 6556.0 1.98
188 255 495.0 3 9682.0 2677.0 0.4
189 256 496.0 3 9016.0 5720.0 0.83
190 258 498.0 3 4481.0 7093.0 1.41
191 259 499.0 3 2950.0 811.0 1.39
192 262 502.0 3 7167.0 6498.0 0.35
193 263 503.0 3 4482.0 6924.0 1.03
194 264 504.0 3 7124.0 4966.0 1.15
195 265 505.0 3 2515.0 4479.0 0.33
196 266 506.0 3 8397.0 4501.0 1.02
197 268 508.0 3 9019.0 3510.0 0.98
198 268 508.0 3 7463.0 9308.0 0.66
199 269 509.0 3 5985.0 2557.0 0.83
200 270 510.0 3 2452.0 8866.0 1.87
201 273 513.0 3 5002.0 7191.0 1.0
202 276 516.0 3 1413.0 2698.0 1.02
203 277 517.0 3 2800.0 5363.0 1.31
204 282 522.0 3 2299.0 5962.0 1.69
205 283 523.0 3 5954.0 1153.0 0.66
206 284 524.0 3 6911.0 579.0 1.02
207 285 525.0 3 5517.0 3359.0 0.52
208 286 526.0 3 2864.0 831.0 0.5
209 287 527.0 3 4244.0 3277.0 0.73
210 293 533.0 3 5838.0 2474.0 0.6
211 294 534.0 3 2856.0 5144.0 0.77
212 295 535.0 3 4303.0 3624.0 1.95
213 296 536.0 3 4874.0 3413.0 1.85
214 298 538.0 3 6788.0 7003.0 1.8
215 302 542.0 3 6660.0 433.0 0.56
216 305 545.0 3 3532.0 5021.0 1.0
217 305 545.0 3 445.0 4682.0 1.53
218 306 546.0 3 5891.0 3605.0 1.18
219 308 548.0 3 8281.0 6622.0 1.54
220 309 549.0 3 3658.0 5359.0 0.61
221 309 549.0 3 2845.0 10315.0 0.82
222 309 549.0 3 5049.0 2424.0 0.87
223 310 550.0 3 5670.0 5608.0 0.8
224 312 552.0 3 3359.0 4820.0 1.9
225 314 554.0 3 6171.0 6118.0 1.13
226 317 557.0 3 6035.0 3875.0 0.54
227 320 560.0 3 3692.0 7745.0 1.29
228 321 561.0 3 5954.0 11485.0 0.73
229 324 564.0 3 873.0 3829.0 0.61
230 326 566.0 3 4892.0 2699.0 0.36
231 326 566.0 3 1889.0 5735.0 0.37
232 327 567.0 3 7571.0 2304.0 1.51
233 328 568.0 3 5979.0 3878.0 0.3
234 328 568.0 3 4028.0 5805.0 1.38
235 329 569.0 3 1484.0 8305.0 1.65
236 330 570.0 3 8580.0 4757.0 1.28
237 330 570.0 3 5018.0 6072.0 0.32
238 330 570.0 3 4244.0 3601.0 0.61
239 330 570.0 3 5291.0 5544.0 1.97
240 332 572.0 3 10658.0 3972.0 1.09
241 332 572.0 3 7251.0 4013.0 0.58
242 333 573.0 3 6881.0 5188.0 0.48
243 337 577.0 3 4568.0 5464.0 1.31
244 337 577.0 3 8374.0 6082.0 1.36
245 337 577.0 3 5625.0 -916.0 1.26
246 337 577.0 3 5163.0 8407.0 0.83
247 342 582.0 3 7144.0 4755.0 1.02
248 344 584.0 3 4583.0 4139.0 1.76
249 344 584.0 3 3479.0 6408.0 1.04
250 346 586.0 3 5680.0 2600.0 1.04
251 347 587.0 3 6272.0 4646.0 1.22
252 347 587.0 3 4852.0 7686.0 0.94
253 349 589.0 3 3814.0 5732.0 0.76
254 353 593.0 3 5702.0 4302.0 0.73
255 354 594.0 3 5370.0 625.0 0.35
256 356 596.0 3 7114.0 3634.0 1.52
257 362 602.0 3 7114.0 1821.0 0.62
258 363 603.0 3 5291.0 5438.0 1.25
259 366 606.0 3 4061.0 3109.0 1.0
260 367 607.0 3 4157.0 3445.0 1.59
261 368 608.0 3 7620.0 5784.0 1.19
262 368 608.0 3 4958.0 6155.0 1.23
263 369 609.0 3 6030.0 3521.0 1.28
264 372 612.0 3 7534.0 2011.0 0.58
265 373 613.0 3 6507.0 7704.0 0.76
266 373 613.0 3 8942.0 3741.0 1.54
267 374 614.0 3 5024.0 1210.0 0.66
268 376 616.0 3 829.0 3957.0 0.46
269 376 616.0 3 1347.0 4018.0 1.52
270 378 618.0 3 4773.0 6279.0 1.2
271 381 621.0 3 331.0 6878.0 1.18
272 382 622.0 3 6854.0 3944.0 1.26
273 383 623.0 3 1790.0 1918.0 1.62
274 384 624.0 3 4220.0 6241.0 1.94
275 385 625.0 3 6426.0 -329.0 0.32
276 385 625.0 3 6616.0 5033.0 0.68
277 388 628.0 3 7482.0 5179.0 1.1
278 390 630.0 3 3526.0 5080.0 0.51
279 390 630.0 3 7054.0 6156.0 1.59
280 391 631.0 3 3987.0 8261.0 1.7
281 391 631.0 3 3091.0 6896.0 0.74
282 392 632.0 3 3975.0 4664.0 0.91
283 393 633.0 3 3492.0 2605.0 1.87
284 394 634.0 3 2901.0 2663.0 1.74
285 395 635.0 3 2155.0 9065.0 1.52
286 395 635.0 3 7993.0 1854.0 1.9
287 398 638.0 3 5302.0 3441.0 0.8
288 399 639.0 3 2821.0 4816.0 1.57
289 401 641.0 3 5287.0 7657.0 0.67
290 401 641.0 3 4283.0 8032.0 0.39
291 403 643.0 3 1468.0 2975.0 0.79
292 405 645.0 3 3633.0 8532.0 1.19
293 406 646.0 3 8639.0 9123.0 0.73
294 407 647.0 3 3382.0 3260.0 1.73
295 409 649.0 3 3899.0 5689.0 0.92
296 411 651.0 3 -104.0 6479.0 1.57
297 411 651.0 3 7392.0 3270.0 0.97
298 412 652.0 3 4479.0 5096.0 0.46
299 412 652.0 3 2498.0 6616.0 0.79
300 417 657.0 3 3769.0 7181.0 1.9
0 0 540 30 5000 5000 0
Num_drones 18
