Drone_data                      
          q_d       2.3     [Kg]
            W       1.5     [Kg]
            m       1.5     [Kg]
            g      9.81   [N/Kg]
        rho_d     1.204 [Kg/m^3]
         xi_d    0.0064    [m^2]
          h_d         6         
KWh_conv_fact  0.000017         
      ce_unit       306  [â‚¬/KWh]

Battery_data                      
             E_min  10.00  percent
             E_max 100.00  percent
           under_E  10.00  percent
max_energy_density   0.27 [KWh/Kg]
 minutes_conv_fact   0.60         
    charging power   0.90  [KW/Kg]
           omega_0   0.00         
               rho  20.00  minutes

Customers_data 
id t l_i st_i x_i y_i q_i
1 0 240.0 3 4467.0 8320.0 1.4
2 1 241.0 3 7616.0 700.0 1.51
3 3 243.0 3 4284.0 7785.0 0.8
4 3 243.0 3 9522.0 1657.0 1.06
5 5 245.0 3 4880.0 3861.0 0.76
6 5 245.0 3 5502.0 2345.0 1.12
7 7 247.0 3 8883.0 4206.0 1.07
8 7 247.0 3 5844.0 3824.0 0.6
9 8 248.0 3 2124.0 8357.0 1.05
10 9 249.0 3 9416.0 9250.0 0.37
11 11 251.0 3 7104.0 7794.0 0.33
12 11 251.0 3 9888.0 3347.0 0.73
13 12 252.0 3 4654.0 7403.0 1.78
14 12 252.0 3 5438.0 7843.0 1.78
15 13 253.0 3 3199.0 364.0 1.05
16 15 255.0 3 9525.0 4722.0 1.98
17 18 258.0 3 6082.0 5606.0 1.09
18 18 258.0 3 6798.0 3577.0 1.1
19 18 258.0 3 5834.0 9263.0 1.53
20 19 259.0 3 6104.0 2334.0 0.35
21 22 262.0 3 5487.0 5871.0 0.9
22 25 265.0 3 8143.0 1156.0 1.11
23 26 266.0 3 3990.0 487.0 0.44
24 30 270.0 3 7680.0 3783.0 1.37
25 30 270.0 3 8335.0 1958.0 0.66
26 31 271.0 3 2698.0 7014.0 1.09
27 32 272.0 3 9353.0 5869.0 1.45
28 33 273.0 3 7879.0 6858.0 1.42
29 34 274.0 3 9015.0 4345.0 0.68
30 36 276.0 3 8676.0 9868.0 0.44
31 41 281.0 3 9016.0 3752.0 1.4
32 41 281.0 3 6914.0 3983.0 1.52
33 42 282.0 3 5611.0 3760.0 1.52
34 43 283.0 3 6126.0 7864.0 1.43
35 44 284.0 3 2792.0 9563.0 1.22
36 44 284.0 3 2659.0 1884.0 1.8
37 45 285.0 3 1477.0 7898.0 1.28
38 45 285.0 3 3242.0 2220.0 1.82
39 47 287.0 3 5900.0 2181.0 1.03
40 47 287.0 3 5076.0 5270.0 0.8
41 49 289.0 3 8941.0 2124.0 1.14
42 53 293.0 3 5058.0 9340.0 0.4
43 58 298.0 3 3845.0 4739.0 0.37
44 61 301.0 3 7048.0 4330.0 1.55
45 62 302.0 3 9389.0 8044.0 1.15
46 62 302.0 3 9648.0 7044.0 0.56
47 65 305.0 3 2500.0 8651.0 1.71
48 65 305.0 3 8998.0 7373.0 1.9
49 66 306.0 3 1780.0 3169.0 1.44
50 71 311.0 3 7070.0 7573.0 1.18
51 72 312.0 3 8729.0 842.0 0.5
52 72 312.0 3 7234.0 9374.0 1.01
53 73 313.0 3 8461.0 1837.0 1.11
54 74 314.0 3 5374.0 303.0 2.0
55 75 315.0 3 7242.0 6941.0 1.22
56 80 320.0 3 7853.0 3962.0 1.22
57 81 321.0 3 7331.0 9478.0 1.79
58 82 322.0 3 5101.0 6817.0 1.66
59 83 323.0 3 9473.0 4711.0 0.53
60 83 323.0 3 8530.0 3106.0 1.17
61 88 328.0 3 9318.0 5173.0 1.57
62 90 330.0 3 359.0 142.0 0.35
63 90 330.0 3 8965.0 2374.0 1.27
64 91 331.0 3 631.0 3658.0 1.97
65 96 336.0 3 4528.0 2211.0 1.08
66 98 338.0 3 8522.0 1909.0 0.86
67 99 339.0 3 3291.0 6349.0 0.97
68 100 340.0 3 8531.0 5222.0 1.78
69 101 341.0 3 6921.0 4226.0 1.62
70 106 346.0 3 5067.0 6369.0 0.37
71 111 351.0 3 4322.0 399.0 0.38
72 111 351.0 3 1636.0 538.0 1.4
73 112 352.0 3 7419.0 9071.0 0.4
74 112 352.0 3 8303.0 4428.0 1.24
75 112 352.0 3 4044.0 7471.0 1.63
76 113 353.0 3 6230.0 7418.0 1.83
77 115 355.0 3 3576.0 5330.0 0.4
78 116 356.0 3 7824.0 5704.0 1.2
79 118 358.0 3 4267.0 5477.0 1.9
80 119 359.0 3 835.0 3438.0 0.55
81 120 360.0 3 3620.0 7183.0 1.62
82 121 361.0 3 8030.0 5045.0 0.69
83 122 362.0 3 3437.0 3864.0 1.15
84 122 362.0 3 2489.0 4273.0 0.91
85 122 362.0 3 6637.0 9271.0 1.33
86 123 363.0 3 4433.0 4923.0 0.62
87 123 363.0 3 5642.0 9318.0 0.59
88 126 366.0 3 931.0 7810.0 1.81
89 126 366.0 3 7499.0 7673.0 0.91
90 127 367.0 3 9345.0 3141.0 1.69
91 129 369.0 3 247.0 9411.0 0.57
92 131 371.0 3 3183.0 9395.0 1.36
93 133 373.0 3 7027.0 6028.0 0.81
94 134 374.0 3 5964.0 9695.0 0.51
95 136 376.0 3 956.0 4962.0 1.25
96 137 377.0 3 3097.0 7881.0 1.44
97 139 379.0 3 558.0 5826.0 1.46
98 141 381.0 3 4592.0 1486.0 0.36
99 141 381.0 3 9227.0 3135.0 1.52
100 142 382.0 3 6656.0 4281.0 1.76
101 142 382.0 3 2714.0 9383.0 0.87
102 142 382.0 3 6538.0 1294.0 1.71
103 142 382.0 3 3972.0 4088.0 0.33
104 146 386.0 3 4224.0 8160.0 1.66
105 148 388.0 3 9792.0 9165.0 0.54
106 149 389.0 3 9163.0 4987.0 0.35
107 150 390.0 3 1936.0 1847.0 1.64
108 151 391.0 3 2177.0 5129.0 1.73
109 151 391.0 3 9837.0 1521.0 1.07
110 152 392.0 3 7103.0 3026.0 1.07
111 152 392.0 3 965.0 6688.0 1.73
112 154 394.0 3 3159.0 6814.0 0.94
113 154 394.0 3 8802.0 9927.0 0.96
114 155 395.0 3 1953.0 5436.0 1.54
115 155 395.0 3 4665.0 6516.0 1.03
116 155 395.0 3 1872.0 7200.0 1.79
117 157 397.0 3 1101.0 7001.0 1.11
118 157 397.0 3 2991.0 439.0 0.34
119 160 400.0 3 1017.0 5960.0 0.32
120 161 401.0 3 2378.0 176.0 0.39
121 162 402.0 3 9794.0 3168.0 1.76
122 164 404.0 3 8873.0 4714.0 0.84
123 164 404.0 3 1343.0 8689.0 1.79
124 166 406.0 3 2508.0 4803.0 1.23
125 170 410.0 3 6724.0 7853.0 0.46
126 172 412.0 3 5177.0 1856.0 1.35
127 175 415.0 3 1228.0 6235.0 0.44
128 177 417.0 3 3642.0 5033.0 1.95
129 179 419.0 3 7707.0 112.0 1.39
130 180 420.0 3 4090.0 3403.0 1.94
131 182 422.0 3 1958.0 5290.0 0.66
132 183 423.0 3 7644.0 5209.0 1.63
133 184 424.0 3 8594.0 2123.0 0.61
134 185 425.0 3 9025.0 6260.0 0.65
135 185 425.0 3 3820.0 7011.0 1.99
136 190 430.0 3 2895.0 9562.0 0.57
137 191 431.0 3 4790.0 6383.0 0.34
138 195 435.0 3 6940.0 4865.0 0.77
139 196 436.0 3 5476.0 7847.0 1.26
140 196 436.0 3 9933.0 4888.0 1.4
141 198 438.0 3 6595.0 6312.0 1.28
142 198 438.0 3 9194.0 7113.0 0.81
143 201 441.0 3 6407.0 3075.0 0.89
144 204 444.0 3 4544.0 7592.0 0.56
145 206 446.0 3 2820.0 6177.0 1.23
146 207 447.0 3 9612.0 4139.0 1.54
147 209 449.0 3 154.0 4401.0 1.72
148 212 452.0 3 8977.0 9892.0 0.51
149 213 453.0 3 2330.0 4982.0 0.75
150 213 453.0 3 768.0 5854.0 0.85
151 214 454.0 3 9737.0 6249.0 0.77
152 215 455.0 3 970.0 4391.0 0.61
153 215 455.0 3 5075.0 2650.0 1.63
154 216 456.0 3 4531.0 1551.0 0.6
155 216 456.0 3 7288.0 5627.0 1.42
156 217 457.0 3 4532.0 6116.0 1.97
157 217 457.0 3 3379.0 7017.0 1.66
158 217 457.0 3 484.0 5345.0 0.63
159 219 459.0 3 8130.0 6023.0 1.52
160 219 459.0 3 7185.0 4849.0 0.37
161 221 461.0 3 6221.0 4020.0 1.86
162 226 466.0 3 2548.0 9063.0 1.43
163 231 471.0 3 2332.0 4869.0 1.14
164 231 471.0 3 5916.0 4358.0 1.11
165 231 471.0 3 6667.0 6529.0 1.52
166 238 478.0 3 8308.0 7450.0 1.46
167 239 479.0 3 1171.0 2531.0 1.3
168 239 479.0 3 4793.0 2205.0 0.86
169 241 481.0 3 5109.0 2592.0 1.15
170 243 483.0 3 2057.0 2278.0 1.83
171 244 484.0 3 7653.0 9440.0 0.47
172 247 487.0 3 6800.0 5974.0 1.6
173 249 489.0 3 7380.0 2972.0 1.97
174 249 489.0 3 8469.0 3042.0 0.95
175 250 490.0 3 3598.0 9752.0 0.96
176 250 490.0 3 7306.0 4460.0 0.94
177 250 490.0 3 584.0 1799.0 1.49
178 250 490.0 3 1640.0 1247.0 0.74
179 252 492.0 3 6591.0 654.0 0.35
180 253 493.0 3 6315.0 9313.0 0.73
181 255 495.0 3 6431.0 2921.0 1.83
182 256 496.0 3 2841.0 4086.0 1.01
183 257 497.0 3 9597.0 8094.0 0.34
184 258 498.0 3 6712.0 2301.0 0.59
185 263 503.0 3 5340.0 1771.0 1.2
186 264 504.0 3 3844.0 3604.0 0.81
187 264 504.0 3 3048.0 447.0 1.26
188 266 506.0 3 5597.0 3890.0 1.2
189 267 507.0 3 3688.0 3329.0 0.53
190 267 507.0 3 3396.0 3266.0 1.16
191 268 508.0 3 6210.0 5566.0 1.7
192 269 509.0 3 4287.0 6459.0 0.6
193 271 511.0 3 8851.0 5986.0 0.72
194 272 512.0 3 3124.0 3010.0 0.74
195 272 512.0 3 6221.0 2699.0 1.42
196 272 512.0 3 4926.0 1419.0 1.74
197 273 513.0 3 9819.0 9645.0 0.57
198 275 515.0 3 3918.0 1029.0 1.01
199 276 516.0 3 90.0 3663.0 1.88
200 277 517.0 3 4536.0 9852.0 0.55
201 279 519.0 3 5060.0 6277.0 1.32
202 280 520.0 3 5690.0 9530.0 1.82
203 280 520.0 3 3581.0 1469.0 0.32
204 282 522.0 3 4675.0 40.0 1.63
205 283 523.0 3 1081.0 8188.0 1.89
206 283 523.0 3 6926.0 3176.0 0.92
207 284 524.0 3 9853.0 4579.0 1.65
208 285 525.0 3 2754.0 7617.0 1.07
209 286 526.0 3 5538.0 5918.0 0.43
210 288 528.0 3 130.0 8795.0 0.64
211 289 529.0 3 3507.0 7703.0 1.4
212 289 529.0 3 6862.0 4221.0 1.04
213 289 529.0 3 3434.0 301.0 0.5
214 290 530.0 3 5197.0 5926.0 0.8
215 291 531.0 3 9747.0 2955.0 0.59
216 292 532.0 3 6523.0 1534.0 0.72
217 293 533.0 3 5694.0 4817.0 1.09
218 297 537.0 3 956.0 7710.0 1.0
219 297 537.0 3 1966.0 343.0 0.98
220 297 537.0 3 6031.0 1751.0 1.18
221 298 538.0 3 4999.0 1162.0 1.84
222 302 542.0 3 5495.0 4829.0 1.55
223 302 542.0 3 3208.0 273.0 0.97
224 302 542.0 3 9620.0 2390.0 0.3
225 302 542.0 3 6076.0 7208.0 0.56
226 305 545.0 3 4397.0 1902.0 0.93
227 307 547.0 3 7229.0 8404.0 1.58
228 307 547.0 3 7456.0 6103.0 1.06
229 309 549.0 3 5567.0 2942.0 1.72
230 310 550.0 3 5029.0 5518.0 0.69
231 311 551.0 3 6682.0 6555.0 1.58
232 313 553.0 3 2743.0 2910.0 1.81
233 313 553.0 3 910.0 1432.0 0.59
234 313 553.0 3 6734.0 6650.0 1.5
235 314 554.0 3 3846.0 4354.0 0.88
236 316 556.0 3 1774.0 3172.0 1.73
237 317 557.0 3 2745.0 8360.0 1.44
238 318 558.0 3 7876.0 8623.0 1.79
239 322 562.0 3 3589.0 3237.0 1.54
240 322 562.0 3 5102.0 9476.0 1.07
241 326 566.0 3 5328.0 9953.0 1.07
242 330 570.0 3 4139.0 5085.0 1.55
243 331 571.0 3 7730.0 1100.0 1.27
244 332 572.0 3 6671.0 4507.0 0.73
245 337 577.0 3 7843.0 6009.0 0.76
246 338 578.0 3 2176.0 2563.0 1.31
247 339 579.0 3 2554.0 8459.0 0.87
248 340 580.0 3 8403.0 6420.0 1.78
249 340 580.0 3 5189.0 4600.0 1.1
250 344 584.0 3 1345.0 6605.0 1.66
251 344 584.0 3 3184.0 8454.0 1.35
252 346 586.0 3 3469.0 4066.0 1.14
253 347 587.0 3 1009.0 4471.0 1.45
254 349 589.0 3 5013.0 5922.0 1.32
255 349 589.0 3 2797.0 2405.0 1.44
256 350 590.0 3 1610.0 6129.0 0.56
257 350 590.0 3 877.0 5867.0 0.8
258 350 590.0 3 4552.0 902.0 1.9
259 351 591.0 3 6443.0 3694.0 0.67
260 352 592.0 3 5409.0 9939.0 0.9
261 356 596.0 3 3090.0 6096.0 1.26
262 357 597.0 3 7122.0 6032.0 0.77
263 357 597.0 3 9520.0 5235.0 1.26
264 358 598.0 3 1923.0 8782.0 1.15
265 358 598.0 3 6398.0 7020.0 1.09
266 358 598.0 3 6439.0 5908.0 1.33
267 358 598.0 3 9174.0 9280.0 0.31
268 363 603.0 3 9484.0 5403.0 1.21
269 364 604.0 3 4807.0 6515.0 0.54
270 366 606.0 3 1128.0 5761.0 1.82
271 366 606.0 3 4915.0 335.0 0.82
272 371 611.0 3 3787.0 8448.0 1.22
273 372 612.0 3 5103.0 6688.0 0.43
274 373 613.0 3 5412.0 7773.0 0.79
275 374 614.0 3 7906.0 636.0 0.65
276 375 615.0 3 4412.0 6938.0 0.58
277 380 620.0 3 5301.0 1690.0 1.64
278 385 625.0 3 2059.0 8256.0 1.72
279 387 627.0 3 6486.0 873.0 1.55
280 388 628.0 3 6101.0 4559.0 1.68
281 388 628.0 3 4550.0 2492.0 1.75
282 388 628.0 3 3464.0 8158.0 1.43
283 389 629.0 3 5357.0 3034.0 1.2
284 390 630.0 3 4414.0 6139.0 1.08
285 393 633.0 3 6412.0 6995.0 0.87
286 394 634.0 3 9443.0 2199.0 0.8
287 395 635.0 3 3778.0 7994.0 0.92
288 398 638.0 3 7263.0 4549.0 0.61
289 403 643.0 3 302.0 6578.0 1.78
290 405 645.0 3 297.0 926.0 0.93
291 406 646.0 3 1540.0 2735.0 1.82
292 409 649.0 3 783.0 6581.0 0.85
293 409 649.0 3 3887.0 3541.0 1.64
294 410 650.0 3 4927.0 9650.0 0.6
295 410 650.0 3 2106.0 3235.0 0.87
296 411 651.0 3 1875.0 7176.0 0.5
297 412 652.0 3 5042.0 9676.0 1.55
298 418 658.0 3 5746.0 8885.0 1.62
299 418 658.0 3 9351.0 5821.0 1.91
300 419 659.0 3 2509.0 5052.0 1.93
0 0 540 30 5000 5000 0
Num_drones 18
