Drone_data                      
          q_d       2.3     [Kg]
            W       1.5     [Kg]
            m       1.5     [Kg]
            g      9.81   [N/Kg]
        rho_d     1.204 [Kg/m^3]
         xi_d    0.0064    [m^2]
          h_d         6         
KWh_conv_fact  0.000017         
      ce_unit       306  [â‚¬/KWh]

Battery_data                      
             E_min  10.00  percent
             E_max 100.00  percent
           under_E  10.00  percent
max_energy_density   0.27 [KWh/Kg]
 minutes_conv_fact   0.60         
    charging power   0.90  [KW/Kg]
           omega_0   0.00         
               rho  20.00  minutes

Customers_data 
id t l_i st_i x_i y_i q_i
1 0 240.0 3 6594.0 5023.0 1.71
2 1 241.0 3 8517.0 3676.0 1.04
3 3 243.0 3 164.0 7413.0 0.34
4 3 243.0 3 5303.0 8618.0 1.11
5 6 246.0 3 4100.0 5554.0 0.65
6 6 246.0 3 9701.0 6021.0 0.56
7 7 247.0 3 9833.0 7850.0 0.9
8 10 250.0 3 6468.0 1209.0 1.84
9 12 252.0 3 8942.0 6438.0 1.45
10 15 255.0 3 5691.0 94.0 1.48
11 16 256.0 3 8015.0 3619.0 1.26
12 17 257.0 3 5905.0 6861.0 1.96
13 20 260.0 3 9884.0 3300.0 0.44
14 25 265.0 3 4503.0 6435.0 0.84
15 25 265.0 3 6983.0 9599.0 1.18
16 26 266.0 3 250.0 4314.0 0.71
17 28 268.0 3 4064.0 1098.0 0.95
18 30 270.0 3 3288.0 3753.0 1.21
19 33 273.0 3 1288.0 5250.0 0.48
20 33 273.0 3 1517.0 8106.0 1.68
21 34 274.0 3 7369.0 2780.0 1.99
22 35 275.0 3 7963.0 9846.0 0.71
23 35 275.0 3 127.0 4712.0 1.17
24 38 278.0 3 2777.0 9618.0 1.2
25 40 280.0 3 8815.0 2605.0 0.55
26 40 280.0 3 2048.0 2929.0 0.83
27 46 286.0 3 5887.0 4363.0 1.34
28 47 287.0 3 6277.0 8421.0 1.43
29 48 288.0 3 2019.0 2999.0 1.6
30 48 288.0 3 2181.0 9034.0 1.34
31 49 289.0 3 9941.0 6107.0 0.66
32 49 289.0 3 6087.0 2912.0 0.67
33 50 290.0 3 3757.0 2885.0 1.51
34 54 294.0 3 5155.0 5655.0 1.55
35 56 296.0 3 3712.0 4764.0 0.87
36 58 298.0 3 1104.0 5639.0 0.93
37 58 298.0 3 5744.0 6320.0 1.09
38 62 302.0 3 3521.0 1733.0 0.84
39 62 302.0 3 5546.0 6898.0 1.86
40 63 303.0 3 696.0 6078.0 0.94
41 65 305.0 3 6823.0 612.0 0.64
42 72 312.0 3 2254.0 6614.0 1.22
43 72 312.0 3 7068.0 3371.0 0.97
44 73 313.0 3 9028.0 5624.0 1.92
45 76 316.0 3 3725.0 7117.0 1.05
46 76 316.0 3 8579.0 2096.0 0.96
47 76 316.0 3 6651.0 4930.0 0.54
48 78 318.0 3 1385.0 6763.0 1.54
49 81 321.0 3 6900.0 832.0 1.22
50 81 321.0 3 9136.0 3848.0 0.39
51 82 322.0 3 9331.0 4312.0 1.79
52 82 322.0 3 1351.0 6255.0 1.48
53 83 323.0 3 7141.0 4230.0 1.98
54 84 324.0 3 4424.0 2034.0 1.89
55 85 325.0 3 6867.0 2517.0 1.47
56 85 325.0 3 7766.0 1942.0 1.81
57 91 331.0 3 8258.0 7935.0 1.14
58 92 332.0 3 4573.0 4258.0 1.47
59 94 334.0 3 16.0 3306.0 0.72
60 94 334.0 3 2871.0 6730.0 0.37
61 95 335.0 3 4155.0 2202.0 1.53
62 96 336.0 3 3198.0 8298.0 1.95
63 96 336.0 3 3676.0 9948.0 1.41
64 99 339.0 3 4571.0 2359.0 1.02
65 99 339.0 3 7337.0 3948.0 1.81
66 100 340.0 3 8212.0 9976.0 0.92
67 101 341.0 3 1359.0 8566.0 0.78
68 102 342.0 3 977.0 8988.0 0.39
69 103 343.0 3 157.0 3653.0 0.64
70 103 343.0 3 3496.0 5723.0 0.77
71 104 344.0 3 1804.0 630.0 0.44
72 105 345.0 3 2154.0 4763.0 0.66
73 106 346.0 3 4936.0 8108.0 1.1
74 106 346.0 3 2083.0 4987.0 1.25
75 106 346.0 3 7220.0 1295.0 1.07
76 108 348.0 3 3826.0 7302.0 1.05
77 112 352.0 3 744.0 416.0 0.58
78 113 353.0 3 7881.0 1726.0 1.44
79 113 353.0 3 3257.0 315.0 0.63
80 115 355.0 3 8138.0 6743.0 1.43
81 115 355.0 3 6607.0 6139.0 0.95
82 115 355.0 3 9212.0 721.0 0.95
83 116 356.0 3 8135.0 1154.0 1.73
84 117 357.0 3 9086.0 5618.0 1.53
85 118 358.0 3 8531.0 5739.0 1.56
86 119 359.0 3 7820.0 7826.0 1.23
87 120 360.0 3 6831.0 6401.0 0.45
88 120 360.0 3 8651.0 4186.0 1.06
89 121 361.0 3 8820.0 3856.0 0.4
90 123 363.0 3 9300.0 1909.0 1.39
91 127 367.0 3 8961.0 6166.0 1.57
92 128 368.0 3 6570.0 1143.0 0.39
93 130 370.0 3 6901.0 3010.0 0.77
94 132 372.0 3 3672.0 4256.0 0.37
95 133 373.0 3 8288.0 4153.0 1.61
96 134 374.0 3 3549.0 5041.0 1.38
97 136 376.0 3 9373.0 3115.0 1.53
98 136 376.0 3 6108.0 6091.0 1.18
99 138 378.0 3 3753.0 5507.0 0.64
100 140 380.0 3 2847.0 8325.0 1.9
101 141 381.0 3 985.0 4726.0 1.2
102 144 384.0 3 3882.0 2152.0 0.77
103 145 385.0 3 1243.0 8940.0 1.26
104 145 385.0 3 3667.0 5722.0 1.13
105 147 387.0 3 6826.0 5165.0 1.94
106 147 387.0 3 5508.0 1927.0 0.74
107 148 388.0 3 1680.0 1322.0 1.33
108 153 393.0 3 7117.0 9181.0 0.39
109 154 394.0 3 8373.0 6264.0 0.46
110 155 395.0 3 6552.0 5940.0 1.94
111 159 399.0 3 7173.0 499.0 0.96
112 160 400.0 3 1389.0 4651.0 1.1
113 161 401.0 3 770.0 1385.0 0.57
114 162 402.0 3 840.0 8979.0 0.92
115 164 404.0 3 7376.0 6276.0 0.61
116 165 405.0 3 2744.0 1051.0 0.72
117 167 407.0 3 23.0 2225.0 1.1
118 169 409.0 3 5978.0 1157.0 1.63
119 169 409.0 3 6424.0 6951.0 0.98
120 170 410.0 3 3750.0 8287.0 0.69
121 170 410.0 3 8369.0 9351.0 0.34
122 170 410.0 3 6318.0 7214.0 1.56
123 170 410.0 3 4849.0 7789.0 1.1
124 175 415.0 3 9363.0 5319.0 1.47
125 175 415.0 3 1823.0 2977.0 1.35
126 178 418.0 3 8361.0 734.0 0.48
127 178 418.0 3 3304.0 2279.0 1.86
128 180 420.0 3 5695.0 4231.0 1.56
129 180 420.0 3 8223.0 275.0 0.3
130 183 423.0 3 7480.0 2098.0 0.35
131 187 427.0 3 9394.0 3742.0 1.23
132 187 427.0 3 4320.0 7200.0 1.84
133 188 428.0 3 839.0 5278.0 1.12
134 189 429.0 3 4899.0 3769.0 0.37
135 189 429.0 3 9336.0 4110.0 0.49
136 189 429.0 3 2845.0 5037.0 0.63
137 190 430.0 3 886.0 9721.0 0.79
138 191 431.0 3 2726.0 2402.0 0.88
139 192 432.0 3 7713.0 1575.0 1.8
140 192 432.0 3 6495.0 7022.0 1.84
141 193 433.0 3 2566.0 772.0 1.63
142 198 438.0 3 7099.0 5883.0 1.15
143 199 439.0 3 985.0 5255.0 1.67
144 200 440.0 3 8810.0 8215.0 1.47
145 201 441.0 3 2599.0 9121.0 1.08
146 203 443.0 3 8771.0 8570.0 0.87
147 203 443.0 3 3061.0 127.0 0.83
148 204 444.0 3 1968.0 907.0 1.4
149 204 444.0 3 3626.0 5350.0 1.48
150 204 444.0 3 2225.0 4412.0 1.58
151 205 445.0 3 8030.0 5708.0 1.69
152 207 447.0 3 9225.0 5501.0 0.62
153 209 449.0 3 2390.0 1336.0 0.55
154 214 454.0 3 1085.0 5658.0 1.78
155 215 455.0 3 396.0 4927.0 1.41
156 220 460.0 3 6621.0 9702.0 0.8
157 220 460.0 3 6537.0 9181.0 1.6
158 223 463.0 3 4562.0 2247.0 0.62
159 224 464.0 3 2674.0 1372.0 1.14
160 224 464.0 3 6185.0 1192.0 1.73
161 224 464.0 3 1245.0 1064.0 1.33
162 227 467.0 3 3938.0 4139.0 1.72
163 229 469.0 3 4182.0 8416.0 1.14
164 229 469.0 3 7704.0 3865.0 0.41
165 230 470.0 3 2337.0 7268.0 0.36
166 232 472.0 3 4032.0 8474.0 0.82
167 237 477.0 3 3095.0 5821.0 0.68
168 237 477.0 3 6755.0 6512.0 1.46
169 239 479.0 3 4593.0 1767.0 1.07
170 240 480.0 3 9121.0 9730.0 0.56
171 243 483.0 3 4253.0 8897.0 0.8
172 247 487.0 3 3347.0 9704.0 1.72
173 248 488.0 3 1255.0 7831.0 0.7
174 248 488.0 3 1050.0 3995.0 1.63
175 249 489.0 3 5721.0 6251.0 1.61
176 250 490.0 3 6225.0 6449.0 1.11
177 250 490.0 3 733.0 1670.0 0.51
178 250 490.0 3 2688.0 1990.0 1.2
179 253 493.0 3 5671.0 1501.0 0.81
180 254 494.0 3 9812.0 2353.0 1.45
181 257 497.0 3 7711.0 7665.0 0.77
182 260 500.0 3 9940.0 5689.0 0.9
183 266 506.0 3 9981.0 8799.0 0.77
184 269 509.0 3 5068.0 2629.0 1.75
185 270 510.0 3 7790.0 6874.0 1.82
186 271 511.0 3 9053.0 6291.0 0.49
187 273 513.0 3 4910.0 3247.0 1.31
188 274 514.0 3 8800.0 2378.0 1.32
189 274 514.0 3 1387.0 5448.0 1.98
190 274 514.0 3 5449.0 4636.0 0.55
191 274 514.0 3 3788.0 2119.0 1.28
192 275 515.0 3 1134.0 5183.0 1.36
193 275 515.0 3 8522.0 4104.0 0.69
194 275 515.0 3 8031.0 5083.0 1.49
195 279 519.0 3 1174.0 4464.0 0.99
196 279 519.0 3 2378.0 6279.0 1.29
197 280 520.0 3 7887.0 555.0 0.56
198 281 521.0 3 8046.0 721.0 1.09
199 283 523.0 3 3034.0 3035.0 0.72
200 283 523.0 3 8864.0 6367.0 1.88
201 284 524.0 3 2132.0 3892.0 0.49
202 285 525.0 3 9826.0 4398.0 1.16
203 288 528.0 3 6555.0 8218.0 0.62
204 289 529.0 3 6466.0 8866.0 1.89
205 290 530.0 3 1818.0 6231.0 1.68
206 290 530.0 3 3963.0 7140.0 1.33
207 291 531.0 3 5526.0 7097.0 1.85
208 292 532.0 3 6127.0 6851.0 1.63
209 295 535.0 3 8437.0 2910.0 1.72
210 295 535.0 3 601.0 6905.0 1.08
211 296 536.0 3 3094.0 4908.0 1.18
212 297 537.0 3 9457.0 7295.0 0.99
213 298 538.0 3 741.0 8151.0 1.61
214 302 542.0 3 798.0 6694.0 0.98
215 304 544.0 3 2527.0 2995.0 0.41
216 305 545.0 3 3194.0 3230.0 0.55
217 305 545.0 3 217.0 1009.0 0.99
218 313 553.0 3 3535.0 3167.0 0.89
219 316 556.0 3 3011.0 7782.0 0.89
220 319 559.0 3 1139.0 2737.0 1.65
221 320 560.0 3 4669.0 7015.0 1.93
222 320 560.0 3 8981.0 5135.0 1.18
223 320 560.0 3 636.0 6468.0 0.83
224 321 561.0 3 9447.0 6880.0 0.94
225 322 562.0 3 382.0 6441.0 1.89
226 323 563.0 3 9002.0 5134.0 1.36
227 325 565.0 3 4566.0 3680.0 1.94
228 327 567.0 3 2305.0 1360.0 1.3
229 332 572.0 3 1270.0 3108.0 1.07
230 334 574.0 3 5450.0 2897.0 0.64
231 334 574.0 3 4745.0 4027.0 0.38
232 335 575.0 3 3771.0 4796.0 1.82
233 337 577.0 3 3573.0 6350.0 0.74
234 338 578.0 3 4850.0 3339.0 0.54
235 338 578.0 3 5157.0 5224.0 0.38
236 338 578.0 3 3003.0 7880.0 0.37
237 341 581.0 3 6842.0 5858.0 1.99
238 343 583.0 3 1330.0 3585.0 0.9
239 345 585.0 3 2072.0 6848.0 0.6
240 347 587.0 3 8928.0 4612.0 1.74
241 348 588.0 3 4159.0 5339.0 1.17
242 349 589.0 3 2029.0 7156.0 0.91
243 354 594.0 3 2814.0 6805.0 1.36
244 357 597.0 3 3756.0 2398.0 1.64
245 359 599.0 3 2197.0 6678.0 1.74
246 360 600.0 3 7444.0 123.0 0.36
247 360 600.0 3 8788.0 2836.0 1.75
248 364 604.0 3 6295.0 6160.0 0.54
249 365 605.0 3 2073.0 1045.0 1.75
250 365 605.0 3 7961.0 6423.0 1.71
251 365 605.0 3 1340.0 3554.0 1.79
252 366 606.0 3 9642.0 5555.0 1.17
253 368 608.0 3 4794.0 5586.0 0.9
254 368 608.0 3 7555.0 7824.0 1.46
255 369 609.0 3 8005.0 7753.0 1.93
256 370 610.0 3 2260.0 3457.0 1.64
257 370 610.0 3 3109.0 5117.0 1.29
258 372 612.0 3 7562.0 8290.0 1.43
259 374 614.0 3 4400.0 8813.0 1.13
260 374 614.0 3 4378.0 2808.0 1.08
261 381 621.0 3 8734.0 4093.0 1.53
262 382 622.0 3 5761.0 68.0 1.68
263 383 623.0 3 5555.0 1266.0 1.58
264 384 624.0 3 7381.0 6599.0 0.99
265 385 625.0 3 7643.0 4086.0 1.38
266 385 625.0 3 399.0 6686.0 1.75
267 386 626.0 3 5204.0 975.0 0.33
268 387 627.0 3 1324.0 765.0 0.46
269 387 627.0 3 8410.0 9371.0 1.23
270 388 628.0 3 8981.0 4574.0 1.37
271 390 630.0 3 6381.0 2835.0 0.89
272 395 635.0 3 8574.0 3856.0 0.38
273 396 636.0 3 3430.0 7563.0 1.49
274 398 638.0 3 4165.0 9153.0 1.68
275 399 639.0 3 1378.0 4188.0 0.72
276 401 641.0 3 8492.0 5655.0 1.85
277 402 642.0 3 8826.0 5265.0 1.16
278 402 642.0 3 1416.0 5181.0 0.75
279 402 642.0 3 5878.0 5857.0 0.56
280 404 644.0 3 3635.0 3466.0 1.72
281 404 644.0 3 2566.0 7153.0 1.13
282 404 644.0 3 7952.0 3175.0 1.03
283 404 644.0 3 6430.0 2581.0 1.07
284 405 645.0 3 5736.0 486.0 1.58
285 407 647.0 3 1565.0 2673.0 1.95
286 407 647.0 3 8316.0 2325.0 1.9
287 407 647.0 3 8933.0 6962.0 0.77
288 408 648.0 3 740.0 7230.0 0.5
289 411 651.0 3 3301.0 1352.0 0.66
290 411 651.0 3 3011.0 4306.0 0.39
291 411 651.0 3 6818.0 5796.0 1.39
292 412 652.0 3 7399.0 4214.0 0.43
293 412 652.0 3 7506.0 7606.0 0.96
294 412 652.0 3 8602.0 8052.0 1.77
295 413 653.0 3 9246.0 6157.0 0.36
296 414 654.0 3 6219.0 1700.0 1.01
297 414 654.0 3 7631.0 3095.0 1.77
298 415 655.0 3 6657.0 6420.0 1.91
299 418 658.0 3 475.0 9622.0 0.32
300 418 658.0 3 1846.0 1160.0 0.34
0 0 540 30 5000 5000 0
Num_drones 18
