Drone_data                      
          q_d       2.3     [Kg]
            W       1.5     [Kg]
            m       1.5     [Kg]
            g      9.81   [N/Kg]
        rho_d     1.204 [Kg/m^3]
         xi_d    0.0064    [m^2]
          h_d         6         
KWh_conv_fact  0.000017         
      ce_unit       306  [â‚¬/KWh]

Battery_data                      
             E_min  10.00  percent
             E_max 100.00  percent
           under_E  10.00  percent
max_energy_density   0.27 [KWh/Kg]
 minutes_conv_fact   0.60         
    charging power   0.90  [KW/Kg]
           omega_0   0.00         
               rho  20.00  minutes

Customers_data 
id t l_i st_i x_i y_i q_i
1 0 240.0 3 10701.0 3544.0 1.03
2 2 242.0 3 1084.0 1020.0 0.35
3 3 243.0 3 8359.0 3606.0 1.99
4 6 246.0 3 4870.0 6552.0 1.86
5 9 249.0 3 7867.0 8237.0 0.64
6 10 250.0 3 7311.0 6707.0 0.66
7 10 250.0 3 2065.0 9001.0 1.37
8 11 251.0 3 2614.0 3391.0 1.69
9 15 255.0 3 2569.0 5237.0 1.7
10 17 257.0 3 3549.0 6724.0 0.95
11 19 259.0 3 2141.0 3704.0 0.79
12 19 259.0 3 7715.0 5070.0 0.57
13 20 260.0 3 7264.0 6198.0 1.52
14 21 261.0 3 6255.0 8776.0 1.29
15 21 261.0 3 1482.0 3901.0 1.05
16 23 263.0 3 5563.0 7155.0 1.13
17 23 263.0 3 4981.0 4902.0 1.48
18 24 264.0 3 3883.0 4877.0 1.73
19 27 267.0 3 3132.0 2131.0 0.48
20 28 268.0 3 3120.0 7275.0 1.34
21 29 269.0 3 6533.0 3770.0 1.17
22 32 272.0 3 4078.0 3630.0 1.54
23 34 274.0 3 2718.0 2939.0 0.75
24 37 277.0 3 8887.0 4727.0 0.5
25 38 278.0 3 5783.0 7254.0 0.52
26 44 284.0 3 3426.0 5749.0 0.94
27 48 288.0 3 6237.0 4444.0 0.36
28 49 289.0 3 4054.0 7724.0 0.41
29 51 291.0 3 2451.0 3161.0 0.62
30 51 291.0 3 4674.0 11985.0 0.48
31 51 291.0 3 1848.0 4813.0 1.53
32 52 292.0 3 10260.0 3631.0 1.28
33 55 295.0 3 4751.0 7752.0 0.68
34 64 304.0 3 7542.0 2121.0 1.89
35 69 309.0 3 7927.0 9922.0 0.67
36 71 311.0 3 9197.0 4101.0 1.11
37 74 314.0 3 8057.0 3343.0 0.78
38 80 320.0 3 317.0 6912.0 1.63
39 81 321.0 3 4791.0 4135.0 1.83
40 83 323.0 3 2273.0 5853.0 0.54
41 85 325.0 3 4884.0 5090.0 1.79
42 88 328.0 3 8464.0 2909.0 0.31
43 90 330.0 3 3738.0 8942.0 1.86
44 93 333.0 3 4871.0 4278.0 0.74
45 94 334.0 3 2756.0 5361.0 0.67
46 95 335.0 3 6247.0 4306.0 0.51
47 96 336.0 3 8380.0 5633.0 0.7
48 97 337.0 3 7988.0 9397.0 0.57
49 98 338.0 3 4463.0 9612.0 1.9
50 103 343.0 3 5675.0 3882.0 0.35
51 106 346.0 3 8815.0 7331.0 0.52
52 111 351.0 3 6662.0 9006.0 1.45
53 113 353.0 3 3455.0 7666.0 1.75
54 113 353.0 3 1813.0 2970.0 1.37
55 114 354.0 3 5805.0 6370.0 1.85
56 115 355.0 3 5206.0 6575.0 1.32
57 116 356.0 3 2545.0 5057.0 0.56
58 119 359.0 3 8043.0 5616.0 1.72
59 119 359.0 3 830.0 6498.0 1.68
60 119 359.0 3 6171.0 1730.0 0.32
61 121 361.0 3 3287.0 4041.0 0.98
62 126 366.0 3 8396.0 4450.0 0.85
63 126 366.0 3 9057.0 5216.0 0.77
64 128 368.0 3 2089.0 5434.0 1.63
65 133 373.0 3 4345.0 1885.0 1.83
66 133 373.0 3 1868.0 6329.0 0.43
67 134 374.0 3 1628.0 1639.0 1.09
68 134 374.0 3 6423.0 7167.0 0.58
69 137 377.0 3 7774.0 3872.0 0.64
70 146 386.0 3 5363.0 7765.0 0.38
71 146 386.0 3 1937.0 4963.0 0.36
72 147 387.0 3 1406.0 5573.0 1.32
73 148 388.0 3 1428.0 6022.0 1.83
74 151 391.0 3 5537.0 4601.0 1.51
75 154 394.0 3 6227.0 5796.0 1.99
76 155 395.0 3 7484.0 1346.0 0.98
77 156 396.0 3 4785.0 1602.0 0.87
78 157 397.0 3 6193.0 3368.0 0.58
79 166 406.0 3 4991.0 8276.0 1.72
80 168 408.0 3 4835.0 2560.0 1.03
81 168 408.0 3 3310.0 4773.0 0.82
82 168 408.0 3 5964.0 3744.0 1.95
83 169 409.0 3 2064.0 6794.0 0.83
84 170 410.0 3 1879.0 566.0 1.37
85 171 411.0 3 2791.0 2278.0 1.35
86 171 411.0 3 4763.0 5588.0 0.75
87 173 413.0 3 8643.0 7248.0 0.95
88 174 414.0 3 9058.0 6037.0 1.83
89 174 414.0 3 5181.0 1299.0 0.78
90 175 415.0 3 3997.0 5018.0 1.67
91 176 416.0 3 5290.0 9256.0 1.64
92 178 418.0 3 1679.0 1321.0 0.69
93 179 419.0 3 6094.0 5889.0 0.39
94 181 421.0 3 9192.0 4270.0 0.92
95 191 431.0 3 3481.0 5397.0 1.81
96 191 431.0 3 7970.0 2733.0 0.36
97 192 432.0 3 3975.0 7543.0 1.17
98 192 432.0 3 7320.0 7801.0 0.66
99 194 434.0 3 1318.0 711.0 0.63
100 195 435.0 3 4795.0 6954.0 0.81
101 195 435.0 3 3101.0 5775.0 1.81
102 195 435.0 3 4420.0 507.0 1.82
103 195 435.0 3 3051.0 7930.0 1.32
104 196 436.0 3 554.0 4354.0 1.03
105 198 438.0 3 4785.0 5766.0 1.59
106 201 441.0 3 4043.0 6211.0 0.83
107 201 441.0 3 4843.0 7346.0 1.17
108 204 444.0 3 6236.0 7241.0 1.99
109 206 446.0 3 466.0 4383.0 0.94
110 208 448.0 3 9119.0 5602.0 1.09
111 208 448.0 3 5837.0 6958.0 1.5
112 210 450.0 3 633.0 6387.0 1.94
113 211 451.0 3 3842.0 7017.0 1.57
114 214 454.0 3 2055.0 7061.0 1.52
115 219 459.0 3 2924.0 5821.0 0.87
116 220 460.0 3 6110.0 5240.0 1.77
117 221 461.0 3 5940.0 4648.0 0.82
118 222 462.0 3 5525.0 7508.0 0.45
119 224 464.0 3 10835.0 5170.0 0.91
120 226 466.0 3 6113.0 2067.0 0.98
121 228 468.0 3 2127.0 5542.0 1.86
122 228 468.0 3 3133.0 6699.0 1.13
123 231 471.0 3 2468.0 5115.0 0.87
124 236 476.0 3 2929.0 4437.0 0.33
125 237 477.0 3 6543.0 5692.0 1.95
126 237 477.0 3 5391.0 5884.0 0.64
127 238 478.0 3 1755.0 7723.0 1.15
128 240 480.0 3 2218.0 5018.0 1.58
129 243 483.0 3 1671.0 4520.0 1.94
130 243 483.0 3 6016.0 1363.0 1.39
131 244 484.0 3 4522.0 8408.0 0.78
132 248 488.0 3 6559.0 2719.0 0.59
133 249 489.0 3 7920.0 5098.0 1.81
134 249 489.0 3 6135.0 8784.0 0.59
135 254 494.0 3 1762.0 3209.0 1.52
136 259 499.0 3 4067.0 7248.0 1.89
137 263 503.0 3 7928.0 3905.0 1.91
138 264 504.0 3 7822.0 3187.0 1.89
139 266 506.0 3 1604.0 1546.0 1.14
140 266 506.0 3 5698.0 2369.0 0.31
141 266 506.0 3 5779.0 4573.0 1.51
142 267 507.0 3 5198.0 2402.0 1.11
143 271 511.0 3 1383.0 4459.0 0.78
144 274 514.0 3 7214.0 8504.0 0.62
145 274 514.0 3 5628.0 5296.0 0.6
146 276 516.0 3 7562.0 7222.0 1.48
147 277 517.0 3 1779.0 4120.0 0.38
148 279 519.0 3 4707.0 1176.0 0.79
149 281 521.0 3 5090.0 7552.0 0.45
150 287 527.0 3 4174.0 3905.0 1.77
151 288 528.0 3 7565.0 5055.0 1.09
152 289 529.0 3 4035.0 6844.0 0.56
153 291 531.0 3 2268.0 6228.0 0.68
154 298 538.0 3 3880.0 3068.0 0.35
155 299 539.0 3 6398.0 3665.0 0.78
156 300 540.0 3 926.0 7575.0 1.33
157 301 541.0 3 6832.0 2078.0 0.84
158 303 543.0 3 6275.0 2789.0 1.19
159 304 544.0 3 5890.0 4454.0 1.3
160 306 546.0 3 3669.0 1687.0 0.52
161 308 548.0 3 5514.0 3179.0 1.38
162 308 548.0 3 6200.0 5043.0 1.32
163 311 551.0 3 8062.0 5678.0 0.45
164 319 559.0 3 7481.0 1996.0 1.87
165 323 563.0 3 3419.0 6151.0 1.99
166 325 565.0 3 1562.0 3655.0 0.87
167 328 568.0 3 8708.0 5724.0 1.25
168 330 570.0 3 1333.0 2584.0 1.41
169 340 580.0 3 2254.0 3484.0 0.66
170 345 585.0 3 958.0 4393.0 1.09
171 350 590.0 3 4658.0 9124.0 0.71
172 352 592.0 3 1203.0 5965.0 0.92
173 354 594.0 3 3812.0 8706.0 0.89
174 356 596.0 3 4593.0 6479.0 1.9
175 357 597.0 3 9809.0 4444.0 0.88
176 357 597.0 3 6800.0 6198.0 1.54
177 361 601.0 3 4026.0 4227.0 1.59
178 367 607.0 3 5398.0 5265.0 0.92
179 371 611.0 3 6185.0 3360.0 1.42
180 372 612.0 3 5169.0 2421.0 0.34
181 372 612.0 3 3144.0 3759.0 1.42
182 373 613.0 3 4419.0 2389.0 1.43
183 374 614.0 3 3857.0 6268.0 1.04
184 376 616.0 3 3995.0 2941.0 0.91
185 377 617.0 3 1916.0 6192.0 1.38
186 381 621.0 3 2729.0 8535.0 1.64
187 382 622.0 3 4929.0 861.0 0.75
188 391 631.0 3 4330.0 6911.0 1.15
189 391 631.0 3 5742.0 4469.0 0.61
190 392 632.0 3 4368.0 8476.0 0.42
191 397 637.0 3 2196.0 1643.0 0.69
192 400 640.0 3 4975.0 5733.0 1.34
193 404 644.0 3 5839.0 7598.0 1.51
194 405 645.0 3 5324.0 5418.0 1.9
195 405 645.0 3 7533.0 6821.0 1.96
196 406 646.0 3 3697.0 8177.0 0.32
197 410 650.0 3 5881.0 1833.0 0.99
198 412 652.0 3 7269.0 6706.0 1.67
199 412 652.0 3 3154.0 8966.0 1.45
200 414 654.0 3 5076.0 5246.0 1.98
0 0 540 30 5000 5000 0
Num_drones 12
