Drone_data                      
          q_d       2.3     [Kg]
            W       1.5     [Kg]
            m       1.5     [Kg]
            g      9.81   [N/Kg]
        rho_d     1.204 [Kg/m^3]
         xi_d    0.0064    [m^2]
          h_d         6         
KWh_conv_fact  0.000017         
      ce_unit       306  [â‚¬/KWh]

Battery_data                      
             E_min  10.00  percent
             E_max 100.00  percent
           under_E  10.00  percent
max_energy_density   0.27 [KWh/Kg]
 minutes_conv_fact   0.60         
    charging power   0.90  [KW/Kg]
           omega_0   0.00         
               rho  20.00  minutes

Customers_data 
id t l_i st_i x_i y_i q_i
1 2 242.0 3 8394.0 5902.0 1.58
2 5 245.0 3 1482.0 3966.0 0.81
3 5 245.0 3 5039.0 5227.0 1.61
4 6 246.0 3 3872.0 8962.0 1.76
5 8 248.0 3 2804.0 5762.0 1.53
6 10 250.0 3 7358.0 8018.0 1.56
7 13 253.0 3 688.0 8072.0 1.45
8 13 253.0 3 9038.0 4067.0 0.99
9 15 255.0 3 2830.0 5005.0 1.47
10 15 255.0 3 5766.0 4204.0 0.32
11 22 262.0 3 5204.0 3794.0 0.37
12 22 262.0 3 3056.0 4301.0 1.67
13 26 266.0 3 684.0 6957.0 1.94
14 30 270.0 3 1985.0 821.0 0.63
15 32 272.0 3 5260.0 4663.0 0.72
16 40 280.0 3 6021.0 6433.0 1.17
17 46 286.0 3 6923.0 9048.0 0.62
18 49 289.0 3 549.0 1227.0 0.37
19 49 289.0 3 3310.0 3360.0 1.7
20 51 291.0 3 4871.0 2453.0 1.03
21 51 291.0 3 7687.0 3677.0 1.53
22 51 291.0 3 4522.0 4755.0 1.45
23 53 293.0 3 7695.0 4302.0 1.35
24 54 294.0 3 8582.0 2355.0 1.75
25 55 295.0 3 1221.0 7892.0 1.19
26 57 297.0 3 5706.0 4807.0 1.31
27 60 300.0 3 4444.0 5696.0 1.69
28 63 303.0 3 4343.0 3301.0 1.7
29 65 305.0 3 376.0 3355.0 1.94
30 65 305.0 3 4502.0 127.0 1.33
31 67 307.0 3 7657.0 8039.0 0.89
32 70 310.0 3 120.0 5049.0 0.84
33 73 313.0 3 8977.0 3629.0 0.96
34 85 325.0 3 8912.0 6883.0 1.12
35 86 326.0 3 3941.0 1899.0 1.19
36 87 327.0 3 8517.0 1683.0 0.44
37 92 332.0 3 5933.0 480.0 1.43
38 95 335.0 3 6492.0 6580.0 1.42
39 97 337.0 3 4883.0 9167.0 1.65
40 97 337.0 3 2445.0 4721.0 0.95
41 97 337.0 3 7910.0 4424.0 1.24
42 98 338.0 3 8657.0 7943.0 0.67
43 99 339.0 3 3850.0 1928.0 1.35
44 99 339.0 3 8926.0 8747.0 0.91
45 100 340.0 3 2958.0 929.0 1.11
46 106 346.0 3 9690.0 2266.0 0.59
47 107 347.0 3 9799.0 3896.0 0.96
48 107 347.0 3 1899.0 4505.0 1.94
49 108 348.0 3 5197.0 1930.0 1.71
50 109 349.0 3 8766.0 8731.0 0.82
51 110 350.0 3 2329.0 7708.0 0.94
52 113 353.0 3 3190.0 1155.0 0.33
53 117 357.0 3 3115.0 7701.0 1.92
54 117 357.0 3 2474.0 1158.0 1.66
55 117 357.0 3 6257.0 7752.0 1.09
56 125 365.0 3 4730.0 1741.0 1.18
57 127 367.0 3 2515.0 7469.0 0.9
58 129 369.0 3 3126.0 7981.0 0.65
59 131 371.0 3 671.0 2147.0 0.45
60 132 372.0 3 111.0 5554.0 1.1
61 135 375.0 3 3746.0 7820.0 1.58
62 138 378.0 3 6172.0 7911.0 0.56
63 140 380.0 3 5850.0 7848.0 1.13
64 140 380.0 3 4319.0 4330.0 1.82
65 140 380.0 3 1364.0 4271.0 1.17
66 142 382.0 3 2460.0 7523.0 1.19
67 143 383.0 3 7903.0 3834.0 0.55
68 146 386.0 3 6794.0 2476.0 1.11
69 149 389.0 3 7767.0 2237.0 1.45
70 149 389.0 3 3334.0 4793.0 1.32
71 150 390.0 3 2.0 5419.0 1.44
72 150 390.0 3 6635.0 4770.0 1.63
73 152 392.0 3 2052.0 4175.0 1.68
74 152 392.0 3 9813.0 2111.0 0.59
75 161 401.0 3 1048.0 4385.0 1.31
76 164 404.0 3 1532.0 6959.0 1.53
77 165 405.0 3 3342.0 5867.0 1.79
78 166 406.0 3 2939.0 2577.0 1.71
79 166 406.0 3 8603.0 4563.0 0.58
80 167 407.0 3 2233.0 5938.0 0.34
81 172 412.0 3 290.0 773.0 0.34
82 174 414.0 3 2369.0 7890.0 1.67
83 174 414.0 3 2946.0 3887.0 1.62
84 178 418.0 3 68.0 8397.0 0.59
85 183 423.0 3 9891.0 7918.0 0.79
86 185 425.0 3 2866.0 6709.0 1.73
87 185 425.0 3 9514.0 5612.0 0.61
88 185 425.0 3 68.0 3559.0 0.9
89 188 428.0 3 3499.0 2026.0 0.77
90 189 429.0 3 6487.0 23.0 1.12
91 190 430.0 3 3319.0 3406.0 1.32
92 190 430.0 3 3364.0 3754.0 0.65
93 191 431.0 3 3082.0 4792.0 1.24
94 196 436.0 3 8124.0 6309.0 1.89
95 199 439.0 3 3784.0 6391.0 0.88
96 202 442.0 3 2245.0 6837.0 0.65
97 204 444.0 3 7734.0 8690.0 1.03
98 206 446.0 3 3034.0 9409.0 0.64
99 209 449.0 3 7322.0 6674.0 0.57
100 210 450.0 3 4911.0 3371.0 1.4
101 211 451.0 3 1920.0 7318.0 0.56
102 213 453.0 3 8228.0 531.0 1.21
103 214 454.0 3 9672.0 410.0 0.7
104 218 458.0 3 6218.0 9902.0 0.84
105 219 459.0 3 1233.0 1182.0 1.49
106 219 459.0 3 2905.0 758.0 1.22
107 224 464.0 3 2441.0 8379.0 1.32
108 228 468.0 3 3837.0 7875.0 1.55
109 232 472.0 3 9949.0 6371.0 0.96
110 234 474.0 3 8172.0 1584.0 0.53
111 234 474.0 3 5577.0 2075.0 0.76
112 235 475.0 3 4507.0 2528.0 1.87
113 235 475.0 3 2020.0 8470.0 1.03
114 237 477.0 3 573.0 1999.0 0.43
115 239 479.0 3 0.0 7434.0 0.53
116 240 480.0 3 3361.0 6117.0 1.8
117 245 485.0 3 3746.0 9893.0 1.21
118 249 489.0 3 5416.0 6594.0 0.62
119 250 490.0 3 981.0 8839.0 1.44
120 251 491.0 3 2930.0 3930.0 0.7
121 253 493.0 3 2487.0 5990.0 1.79
122 259 499.0 3 2876.0 7737.0 0.76
123 260 500.0 3 4064.0 8157.0 1.17
124 261 501.0 3 1063.0 4694.0 0.43
125 261 501.0 3 7619.0 9379.0 0.8
126 263 503.0 3 3087.0 2928.0 1.75
127 270 510.0 3 5669.0 4106.0 1.25
128 271 511.0 3 1573.0 3814.0 1.29
129 273 513.0 3 9069.0 3603.0 1.74
130 273 513.0 3 9560.0 9539.0 0.33
131 273 513.0 3 650.0 5809.0 1.85
132 274 514.0 3 6857.0 388.0 0.32
133 275 515.0 3 3370.0 2111.0 1.16
134 277 517.0 3 3955.0 8465.0 0.71
135 277 517.0 3 9129.0 1366.0 0.96
136 285 525.0 3 9804.0 3868.0 1.74
137 286 526.0 3 9392.0 9014.0 0.68
138 287 527.0 3 4312.0 7598.0 0.35
139 290 530.0 3 1034.0 7986.0 0.84
140 292 532.0 3 7947.0 9283.0 1.98
141 292 532.0 3 3305.0 164.0 0.91
142 293 533.0 3 5143.0 4279.0 1.9
143 295 535.0 3 917.0 2048.0 1.52
144 298 538.0 3 6381.0 8859.0 1.75
145 300 540.0 3 4124.0 1402.0 0.69
146 301 541.0 3 3728.0 6560.0 1.66
147 303 543.0 3 7240.0 1287.0 1.99
148 305 545.0 3 6013.0 7616.0 0.36
149 306 546.0 3 9777.0 4661.0 0.75
150 308 548.0 3 6254.0 6932.0 1.39
151 313 553.0 3 7820.0 4023.0 0.35
152 317 557.0 3 2348.0 6037.0 1.12
153 318 558.0 3 656.0 8689.0 0.92
154 321 561.0 3 6916.0 9311.0 0.46
155 325 565.0 3 9853.0 3116.0 0.35
156 326 566.0 3 8376.0 6416.0 0.94
157 327 567.0 3 5915.0 4996.0 1.35
158 330 570.0 3 9167.0 1095.0 0.78
159 330 570.0 3 842.0 3085.0 1.63
160 333 573.0 3 4869.0 1996.0 1.81
161 335 575.0 3 7558.0 9178.0 0.82
162 337 577.0 3 1070.0 4589.0 0.53
163 337 577.0 3 185.0 5877.0 0.37
164 339 579.0 3 2618.0 3619.0 1.97
165 341 581.0 3 6380.0 4376.0 0.72
166 343 583.0 3 7723.0 3428.0 0.71
167 343 583.0 3 2501.0 941.0 1.11
168 344 584.0 3 4671.0 6124.0 0.46
169 347 587.0 3 2434.0 579.0 1.66
170 349 589.0 3 2723.0 8684.0 1.65
171 356 596.0 3 6926.0 6099.0 0.86
172 358 598.0 3 1965.0 8721.0 1.49
173 360 600.0 3 5880.0 3951.0 1.89
174 361 601.0 3 272.0 4551.0 0.73
175 363 603.0 3 9141.0 1752.0 0.8
176 364 604.0 3 6411.0 6042.0 1.75
177 365 605.0 3 6771.0 4557.0 1.04
178 369 609.0 3 4114.0 8031.0 1.47
179 370 610.0 3 10.0 6005.0 0.39
180 372 612.0 3 9035.0 6221.0 1.92
181 373 613.0 3 1256.0 5889.0 0.72
182 378 618.0 3 4250.0 9242.0 1.3
183 380 620.0 3 7090.0 2076.0 0.48
184 383 623.0 3 595.0 7980.0 1.19
185 386 626.0 3 1505.0 8084.0 1.92
186 386 626.0 3 5254.0 2013.0 0.8
187 387 627.0 3 1715.0 3668.0 0.49
188 392 632.0 3 2541.0 5498.0 1.69
189 396 636.0 3 6771.0 8767.0 0.48
190 397 637.0 3 4383.0 7167.0 1.15
191 398 638.0 3 8066.0 9548.0 0.5
192 399 639.0 3 2839.0 3373.0 1.28
193 406 646.0 3 117.0 3589.0 1.54
194 407 647.0 3 3407.0 1017.0 0.54
195 410 650.0 3 4642.0 1484.0 1.98
196 411 651.0 3 9537.0 6885.0 1.82
197 412 652.0 3 7268.0 2806.0 0.42
198 415 655.0 3 8157.0 5583.0 0.45
199 416 656.0 3 3773.0 9153.0 1.83
200 418 658.0 3 7106.0 4397.0 0.94
0 0 540 30 5000 5000 0
Num_drones 12
