Drone_data                      
          q_d       2.3     [Kg]
            W       1.5     [Kg]
            m       1.5     [Kg]
            g      9.81   [N/Kg]
        rho_d     1.204 [Kg/m^3]
         xi_d    0.0064    [m^2]
          h_d         6         
KWh_conv_fact  0.000017         
      ce_unit       306  [â‚¬/KWh]

Battery_data                      
             E_min  10.00  percent
             E_max 100.00  percent
           under_E  10.00  percent
max_energy_density   0.27 [KWh/Kg]
 minutes_conv_fact   0.60         
    charging power   0.90  [KW/Kg]
           omega_0   0.00         
               rho  20.00  minutes

Customers_data 
id t l_i st_i x_i y_i q_i
1 0 240.0 3 5061.0 2994.0 0.68
2 0 240.0 3 210.0 5716.0 1.71
3 5 245.0 3 2913.0 1581.0 0.99
4 6 246.0 3 9295.0 5424.0 1.95
5 6 246.0 3 9275.0 2419.0 0.58
6 7 247.0 3 6184.0 1002.0 1.41
7 9 249.0 3 9870.0 5483.0 1.07
8 10 250.0 3 9974.0 6035.0 0.85
9 12 252.0 3 7346.0 674.0 0.84
10 12 252.0 3 392.0 4412.0 0.74
11 13 253.0 3 8644.0 9666.0 0.38
12 15 255.0 3 9143.0 8030.0 1.43
13 16 256.0 3 7036.0 7054.0 0.7
14 21 261.0 3 5174.0 9300.0 1.87
15 27 267.0 3 4125.0 7073.0 0.35
16 29 269.0 3 1984.0 7851.0 1.56
17 32 272.0 3 4396.0 2625.0 0.88
18 33 273.0 3 1824.0 9430.0 1.33
19 35 275.0 3 8487.0 209.0 0.89
20 36 276.0 3 2925.0 8369.0 0.5
21 37 277.0 3 3549.0 8399.0 0.86
22 37 277.0 3 7493.0 8828.0 1.63
23 42 282.0 3 1360.0 1868.0 0.46
24 43 283.0 3 1.0 3932.0 0.78
25 43 283.0 3 870.0 3239.0 1.89
26 43 283.0 3 7760.0 9608.0 1.61
27 45 285.0 3 4205.0 3146.0 1.11
28 45 285.0 3 2927.0 5553.0 1.38
29 47 287.0 3 5369.0 9665.0 0.72
30 50 290.0 3 2967.0 7540.0 0.64
31 51 291.0 3 3961.0 4836.0 1.18
32 51 291.0 3 9689.0 2307.0 1.11
33 53 293.0 3 3538.0 6211.0 0.71
34 58 298.0 3 6867.0 9279.0 1.91
35 59 299.0 3 9301.0 5744.0 0.88
36 62 302.0 3 7304.0 1504.0 1.17
37 63 303.0 3 4373.0 4193.0 0.83
38 66 306.0 3 8541.0 8208.0 1.23
39 67 307.0 3 8600.0 7568.0 0.84
40 67 307.0 3 4816.0 7636.0 1.63
41 69 309.0 3 5615.0 6458.0 1.76
42 71 311.0 3 3958.0 8884.0 0.95
43 73 313.0 3 4615.0 7878.0 1.49
44 73 313.0 3 2418.0 7752.0 0.37
45 73 313.0 3 6008.0 8072.0 1.76
46 73 313.0 3 7763.0 4946.0 1.51
47 75 315.0 3 9777.0 6993.0 1.22
48 75 315.0 3 9441.0 3941.0 1.02
49 76 316.0 3 170.0 4888.0 1.76
50 76 316.0 3 6168.0 3380.0 1.76
51 76 316.0 3 7933.0 5302.0 0.61
52 79 319.0 3 2516.0 2378.0 0.55
53 79 319.0 3 9533.0 5096.0 0.84
54 85 325.0 3 3985.0 1726.0 0.64
55 86 326.0 3 8489.0 3107.0 0.68
56 90 330.0 3 2385.0 529.0 0.49
57 91 331.0 3 9227.0 5921.0 1.53
58 96 336.0 3 9410.0 3820.0 1.47
59 97 337.0 3 8061.0 8326.0 0.91
60 97 337.0 3 6753.0 7633.0 0.99
61 98 338.0 3 7843.0 874.0 1.03
62 100 340.0 3 1218.0 5573.0 1.18
63 102 342.0 3 4280.0 7293.0 1.76
64 103 343.0 3 9704.0 7631.0 1.4
65 103 343.0 3 8036.0 846.0 1.57
66 104 344.0 3 5973.0 6872.0 0.37
67 106 346.0 3 3329.0 6221.0 1.06
68 106 346.0 3 9238.0 2013.0 1.72
69 106 346.0 3 5543.0 4105.0 1.23
70 107 347.0 3 4043.0 1625.0 1.74
71 107 347.0 3 349.0 7384.0 1.0
72 110 350.0 3 6497.0 3751.0 1.85
73 111 351.0 3 7683.0 8830.0 0.62
74 111 351.0 3 951.0 2353.0 1.66
75 112 352.0 3 2159.0 46.0 1.18
76 112 352.0 3 1167.0 3236.0 1.84
77 113 353.0 3 4743.0 376.0 1.15
78 116 356.0 3 68.0 1664.0 0.84
79 117 357.0 3 8914.0 2758.0 1.95
80 118 358.0 3 184.0 7041.0 1.54
81 119 359.0 3 2334.0 1797.0 1.58
82 119 359.0 3 8094.0 3053.0 1.19
83 120 360.0 3 6014.0 389.0 0.36
84 120 360.0 3 2829.0 1425.0 1.4
85 121 361.0 3 2939.0 2131.0 1.63
86 121 361.0 3 7122.0 9686.0 1.23
87 126 366.0 3 5830.0 9115.0 0.67
88 127 367.0 3 4123.0 1684.0 0.41
89 127 367.0 3 2426.0 295.0 1.13
90 127 367.0 3 1471.0 9507.0 0.99
91 127 367.0 3 6079.0 4995.0 1.67
92 127 367.0 3 9401.0 8359.0 0.76
93 130 370.0 3 6746.0 5959.0 0.39
94 131 371.0 3 6374.0 9767.0 1.4
95 131 371.0 3 9209.0 8566.0 1.05
96 131 371.0 3 5289.0 4715.0 1.22
97 132 372.0 3 3474.0 1624.0 1.86
98 132 372.0 3 8053.0 2018.0 1.27
99 133 373.0 3 8570.0 1013.0 0.48
100 134 374.0 3 946.0 5440.0 0.32
101 136 376.0 3 8780.0 9257.0 0.62
102 137 377.0 3 8821.0 7688.0 0.74
103 139 379.0 3 6025.0 8335.0 1.45
104 143 383.0 3 3137.0 1985.0 1.92
105 146 386.0 3 6127.0 31.0 0.84
106 146 386.0 3 5319.0 4998.0 0.85
107 148 388.0 3 8891.0 7833.0 1.42
108 148 388.0 3 5846.0 9944.0 1.9
109 152 392.0 3 5975.0 1520.0 1.93
110 153 393.0 3 2347.0 215.0 1.35
111 155 395.0 3 4112.0 3480.0 0.73
112 157 397.0 3 3131.0 7957.0 0.51
113 158 398.0 3 5064.0 7826.0 1.01
114 159 399.0 3 5211.0 3688.0 1.93
115 160 400.0 3 1444.0 3479.0 0.89
116 162 402.0 3 2202.0 725.0 1.98
117 165 405.0 3 1384.0 8459.0 1.75
118 165 405.0 3 4234.0 5105.0 1.37
119 166 406.0 3 2931.0 2262.0 1.45
120 168 408.0 3 4345.0 3173.0 0.32
121 169 409.0 3 1788.0 3761.0 0.87
122 169 409.0 3 5551.0 9897.0 1.42
123 172 412.0 3 1358.0 5346.0 1.45
124 173 413.0 3 718.0 5588.0 0.69
125 173 413.0 3 5402.0 1004.0 0.68
126 174 414.0 3 7904.0 6002.0 1.66
127 177 417.0 3 6143.0 5985.0 0.88
128 178 418.0 3 5898.0 4499.0 0.96
129 182 422.0 3 2561.0 2167.0 0.82
130 183 423.0 3 9688.0 9324.0 0.72
131 185 425.0 3 3152.0 9617.0 0.74
132 187 427.0 3 8083.0 3019.0 1.67
133 189 429.0 3 7811.0 6678.0 1.53
134 189 429.0 3 5439.0 92.0 0.45
135 191 431.0 3 7892.0 6803.0 0.36
136 191 431.0 3 5350.0 229.0 1.33
137 192 432.0 3 9256.0 6851.0 0.41
138 192 432.0 3 5218.0 358.0 1.79
139 193 433.0 3 2768.0 9505.0 1.24
140 194 434.0 3 7388.0 8102.0 2.0
141 196 436.0 3 8273.0 497.0 0.56
142 196 436.0 3 4475.0 6978.0 1.26
143 196 436.0 3 8187.0 3503.0 1.71
144 196 436.0 3 827.0 6671.0 1.0
145 196 436.0 3 6107.0 9798.0 0.63
146 202 442.0 3 5395.0 4808.0 1.55
147 208 448.0 3 3049.0 6188.0 1.34
148 208 448.0 3 3916.0 3224.0 0.87
149 209 449.0 3 5736.0 7055.0 0.63
150 209 449.0 3 1328.0 7666.0 0.81
151 211 451.0 3 1035.0 1187.0 0.96
152 211 451.0 3 2633.0 492.0 1.88
153 212 452.0 3 9199.0 5178.0 1.59
154 213 453.0 3 8118.0 2049.0 1.66
155 213 453.0 3 7599.0 5331.0 0.36
156 214 454.0 3 6920.0 8097.0 0.74
157 215 455.0 3 6225.0 6792.0 0.6
158 216 456.0 3 1296.0 9593.0 1.02
159 219 459.0 3 3068.0 5846.0 1.67
160 219 459.0 3 5916.0 2424.0 0.42
161 221 461.0 3 3906.0 7491.0 1.14
162 222 462.0 3 209.0 1685.0 0.44
163 222 462.0 3 1247.0 4738.0 0.62
164 224 464.0 3 453.0 2263.0 1.44
165 226 466.0 3 3282.0 2473.0 1.56
166 230 470.0 3 6390.0 2499.0 0.72
167 231 471.0 3 6598.0 4580.0 0.46
168 232 472.0 3 9509.0 1107.0 0.96
169 234 474.0 3 3007.0 8692.0 0.9
170 238 478.0 3 4085.0 5236.0 1.76
171 238 478.0 3 3400.0 1545.0 0.49
172 243 483.0 3 7096.0 1935.0 1.89
173 243 483.0 3 6441.0 9534.0 1.03
174 243 483.0 3 5314.0 5867.0 1.48
175 244 484.0 3 3798.0 8813.0 1.4
176 245 485.0 3 7835.0 9044.0 1.16
177 245 485.0 3 6474.0 1295.0 1.85
178 245 485.0 3 512.0 2879.0 1.87
179 245 485.0 3 8640.0 1058.0 0.54
180 246 486.0 3 1719.0 1690.0 1.3
181 246 486.0 3 3554.0 3541.0 0.35
182 248 488.0 3 9548.0 5256.0 0.47
183 248 488.0 3 4301.0 7779.0 0.68
184 249 489.0 3 6046.0 5428.0 0.58
185 250 490.0 3 3432.0 4065.0 0.92
186 252 492.0 3 4807.0 7967.0 1.87
187 253 493.0 3 892.0 5725.0 1.76
188 256 496.0 3 2618.0 8162.0 1.06
189 258 498.0 3 5485.0 874.0 1.83
190 258 498.0 3 4456.0 7418.0 0.62
191 259 499.0 3 7521.0 803.0 1.83
192 259 499.0 3 1613.0 1257.0 1.09
193 267 507.0 3 5174.0 6208.0 1.1
194 267 507.0 3 281.0 3339.0 0.7
195 268 508.0 3 7086.0 1758.0 1.9
196 268 508.0 3 8303.0 1526.0 0.74
197 269 509.0 3 2682.0 347.0 0.89
198 272 512.0 3 7426.0 5490.0 1.57
199 272 512.0 3 9092.0 2563.0 0.95
200 273 513.0 3 6525.0 9029.0 1.04
201 275 515.0 3 254.0 2773.0 0.85
202 279 519.0 3 3528.0 9447.0 1.44
203 279 519.0 3 3952.0 6868.0 1.66
204 288 528.0 3 3667.0 7907.0 0.91
205 289 529.0 3 3902.0 9061.0 1.89
206 292 532.0 3 1064.0 8992.0 0.51
207 296 536.0 3 6530.0 6336.0 0.31
208 297 537.0 3 7764.0 4298.0 1.83
209 299 539.0 3 6071.0 658.0 0.88
210 303 543.0 3 9019.0 8260.0 1.11
211 304 544.0 3 207.0 2457.0 1.13
212 305 545.0 3 5133.0 6673.0 1.87
213 306 546.0 3 8064.0 304.0 0.55
214 310 550.0 3 4423.0 798.0 0.6
215 312 552.0 3 5246.0 7288.0 1.09
216 312 552.0 3 76.0 3892.0 1.58
217 312 552.0 3 8224.0 5112.0 1.72
218 313 553.0 3 883.0 2653.0 1.53
219 317 557.0 3 505.0 9435.0 0.77
220 317 557.0 3 7388.0 1018.0 0.33
221 318 558.0 3 1504.0 1877.0 1.02
222 320 560.0 3 3790.0 5302.0 0.52
223 321 561.0 3 9715.0 7628.0 0.89
224 322 562.0 3 6338.0 6110.0 0.31
225 322 562.0 3 3088.0 2103.0 0.71
226 323 563.0 3 1341.0 5354.0 0.3
227 325 565.0 3 2980.0 7341.0 1.76
228 327 567.0 3 1518.0 2695.0 1.33
229 327 567.0 3 7532.0 5278.0 0.3
230 328 568.0 3 4226.0 9193.0 1.63
231 328 568.0 3 4633.0 3438.0 1.29
232 329 569.0 3 8059.0 9996.0 1.2
233 333 573.0 3 1937.0 3745.0 0.67
234 334 574.0 3 5738.0 6606.0 1.22
235 338 578.0 3 7134.0 4104.0 1.17
236 339 579.0 3 2594.0 2531.0 1.21
237 340 580.0 3 4844.0 3360.0 1.27
238 340 580.0 3 3535.0 420.0 1.74
239 341 581.0 3 7129.0 5999.0 1.08
240 343 583.0 3 791.0 5056.0 0.99
241 343 583.0 3 5236.0 3832.0 1.51
242 343 583.0 3 4861.0 9462.0 0.49
243 343 583.0 3 981.0 4108.0 0.38
244 347 587.0 3 4431.0 5495.0 1.89
245 347 587.0 3 7861.0 9387.0 1.46
246 349 589.0 3 8742.0 2744.0 0.69
247 349 589.0 3 9479.0 3900.0 0.88
248 351 591.0 3 6093.0 8638.0 1.2
249 353 593.0 3 349.0 4088.0 0.4
250 353 593.0 3 6165.0 7464.0 1.23
251 354 594.0 3 2307.0 8359.0 1.2
252 354 594.0 3 1903.0 325.0 1.1
253 356 596.0 3 4151.0 7145.0 1.27
254 358 598.0 3 2932.0 2273.0 1.56
255 361 601.0 3 5012.0 2959.0 0.87
256 361 601.0 3 7214.0 2385.0 0.35
257 361 601.0 3 4250.0 7244.0 1.99
258 362 602.0 3 2702.0 8384.0 1.17
259 362 602.0 3 5050.0 9843.0 1.03
260 365 605.0 3 4771.0 750.0 0.85
261 366 606.0 3 4362.0 6834.0 0.41
262 367 607.0 3 7628.0 4599.0 1.48
263 368 608.0 3 2631.0 2450.0 1.63
264 371 611.0 3 5143.0 3211.0 1.88
265 373 613.0 3 6239.0 7079.0 0.68
266 373 613.0 3 6499.0 7157.0 1.77
267 375 615.0 3 4380.0 8105.0 1.94
268 377 617.0 3 1308.0 7460.0 0.64
269 378 618.0 3 3312.0 6118.0 0.57
270 378 618.0 3 8259.0 7061.0 0.99
271 380 620.0 3 7620.0 8283.0 0.51
272 382 622.0 3 7156.0 8008.0 0.92
273 382 622.0 3 3228.0 1403.0 1.75
274 382 622.0 3 3671.0 4978.0 0.53
275 386 626.0 3 9141.0 9546.0 0.93
276 391 631.0 3 5556.0 3559.0 1.78
277 392 632.0 3 5624.0 3210.0 0.96
278 397 637.0 3 5887.0 4133.0 0.99
279 397 637.0 3 7775.0 6109.0 1.82
280 397 637.0 3 2694.0 2386.0 0.55
281 398 638.0 3 4348.0 292.0 1.95
282 398 638.0 3 3581.0 3282.0 1.36
283 399 639.0 3 3003.0 2272.0 1.96
284 399 639.0 3 1757.0 237.0 0.67
285 400 640.0 3 8272.0 4016.0 1.29
286 401 641.0 3 5761.0 2366.0 1.16
287 401 641.0 3 3185.0 2202.0 1.44
288 401 641.0 3 5631.0 7402.0 1.61
289 403 643.0 3 1417.0 3203.0 1.03
290 403 643.0 3 2269.0 9183.0 1.91
291 406 646.0 3 4446.0 3897.0 0.44
292 407 647.0 3 6996.0 477.0 1.16
293 411 651.0 3 8934.0 7561.0 1.44
294 412 652.0 3 2042.0 774.0 0.89
295 413 653.0 3 6057.0 4254.0 0.83
296 414 654.0 3 4123.0 9395.0 0.97
297 414 654.0 3 447.0 5115.0 0.88
298 415 655.0 3 5508.0 8636.0 1.31
299 418 658.0 3 6010.0 929.0 1.46
300 419 659.0 3 7437.0 3702.0 1.9
0 0 540 30 5000 5000 0
Num_drones 18
