Drone_data                      
          q_d       2.3     [Kg]
            W       1.5     [Kg]
            m       1.5     [Kg]
            g      9.81   [N/Kg]
        rho_d     1.204 [Kg/m^3]
         xi_d    0.0064    [m^2]
          h_d         6         
KWh_conv_fact  0.000017         
      ce_unit       306  [â‚¬/KWh]

Battery_data                      
             E_min  10.00  percent
             E_max 100.00  percent
           under_E  10.00  percent
max_energy_density   0.27 [KWh/Kg]
 minutes_conv_fact   0.60         
    charging power   0.90  [KW/Kg]
           omega_0   0.00         
               rho  20.00  minutes

Customers_data 
id t l_i st_i x_i y_i q_i
1 0 240.0 3 6315.0 2139.0 1.02
2 3 243.0 3 5760.0 6213.0 1.16
3 5 245.0 3 2437.0 8481.0 1.86
4 5 245.0 3 6093.0 3284.0 1.97
5 6 246.0 3 7768.0 6599.0 1.55
6 8 248.0 3 361.0 3735.0 1.61
7 8 248.0 3 8068.0 5445.0 0.83
8 8 248.0 3 2959.0 8363.0 1.5
9 9 249.0 3 3371.0 6815.0 1.81
10 10 250.0 3 6953.0 4219.0 0.83
11 11 251.0 3 1409.0 6895.0 1.38
12 11 251.0 3 2853.0 7592.0 0.83
13 14 254.0 3 5212.0 1156.0 0.36
14 17 257.0 3 4164.0 79.0 1.21
15 19 259.0 3 5205.0 623.0 1.38
16 20 260.0 3 2347.0 5207.0 0.59
17 21 261.0 3 4827.0 4710.0 1.98
18 25 265.0 3 6783.0 7013.0 0.94
19 27 267.0 3 383.0 5922.0 1.2
20 27 267.0 3 4291.0 5120.0 0.88
21 27 267.0 3 5144.0 7433.0 0.92
22 28 268.0 3 1034.0 9183.0 1.09
23 28 268.0 3 3344.0 1752.0 1.56
24 28 268.0 3 2648.0 9355.0 1.35
25 29 269.0 3 7874.0 7032.0 1.02
26 29 269.0 3 9254.0 6271.0 1.85
27 29 269.0 3 1120.0 3441.0 1.61
28 30 270.0 3 2764.0 7450.0 1.45
29 33 273.0 3 9576.0 5352.0 0.95
30 33 273.0 3 5558.0 5995.0 0.34
31 34 274.0 3 4541.0 3964.0 1.28
32 35 275.0 3 7722.0 2773.0 1.08
33 35 275.0 3 5303.0 6541.0 1.05
34 37 277.0 3 2344.0 2701.0 1.76
35 40 280.0 3 2223.0 3685.0 0.58
36 43 283.0 3 3379.0 9318.0 0.75
37 43 283.0 3 7827.0 6037.0 1.31
38 48 288.0 3 4810.0 5793.0 1.59
39 50 290.0 3 9118.0 2875.0 1.09
40 52 292.0 3 279.0 4221.0 1.12
41 54 294.0 3 8574.0 2500.0 1.01
42 55 295.0 3 9201.0 7212.0 1.25
43 56 296.0 3 3850.0 3798.0 0.47
44 58 298.0 3 5061.0 1032.0 0.81
45 59 299.0 3 79.0 9154.0 0.38
46 60 300.0 3 2300.0 8709.0 0.33
47 63 303.0 3 4109.0 5231.0 0.63
48 64 304.0 3 9160.0 7626.0 1.4
49 64 304.0 3 1201.0 8518.0 0.58
50 65 305.0 3 6764.0 1055.0 1.4
51 69 309.0 3 909.0 8036.0 0.58
52 70 310.0 3 8386.0 3129.0 1.01
53 71 311.0 3 8993.0 4228.0 1.59
54 73 313.0 3 5336.0 6767.0 0.35
55 73 313.0 3 9173.0 7925.0 0.58
56 73 313.0 3 3294.0 8647.0 0.85
57 73 313.0 3 8391.0 2944.0 1.62
58 77 317.0 3 3701.0 2220.0 1.17
59 80 320.0 3 6968.0 6596.0 0.82
60 80 320.0 3 9821.0 4314.0 0.77
61 81 321.0 3 5328.0 8481.0 1.26
62 81 321.0 3 2006.0 7272.0 1.93
63 82 322.0 3 8592.0 5655.0 1.9
64 82 322.0 3 7418.0 7612.0 0.85
65 84 324.0 3 1377.0 1477.0 1.6
66 85 325.0 3 2044.0 7859.0 0.77
67 85 325.0 3 7387.0 6675.0 0.3
68 85 325.0 3 3925.0 4268.0 0.99
69 87 327.0 3 4722.0 8501.0 0.71
70 89 329.0 3 3547.0 1675.0 1.64
71 89 329.0 3 2320.0 8466.0 1.48
72 89 329.0 3 7151.0 9994.0 1.61
73 90 330.0 3 7712.0 8512.0 1.13
74 91 331.0 3 3668.0 2783.0 1.26
75 91 331.0 3 2495.0 4331.0 1.93
76 92 332.0 3 6118.0 9153.0 1.78
77 93 333.0 3 1501.0 7531.0 0.35
78 93 333.0 3 5000.0 8450.0 1.68
79 94 334.0 3 4256.0 4084.0 1.55
80 95 335.0 3 5994.0 5358.0 1.37
81 95 335.0 3 9265.0 6604.0 1.68
82 96 336.0 3 4942.0 9589.0 1.82
83 96 336.0 3 192.0 4960.0 1.62
84 97 337.0 3 6241.0 9433.0 2.0
85 97 337.0 3 7525.0 6739.0 0.51
86 103 343.0 3 3187.0 5208.0 0.79
87 103 343.0 3 4508.0 5874.0 1.17
88 104 344.0 3 8370.0 1902.0 1.52
89 104 344.0 3 3018.0 1620.0 1.14
90 106 346.0 3 396.0 4615.0 1.68
91 106 346.0 3 6239.0 4558.0 1.7
92 106 346.0 3 2357.0 5881.0 0.49
93 108 348.0 3 7225.0 4966.0 1.9
94 113 353.0 3 4999.0 5275.0 1.36
95 114 354.0 3 6051.0 7706.0 0.62
96 115 355.0 3 7337.0 6728.0 1.52
97 116 356.0 3 2751.0 1008.0 1.74
98 117 357.0 3 5428.0 7807.0 0.84
99 118 358.0 3 3209.0 4108.0 1.41
100 120 360.0 3 5501.0 4913.0 1.65
101 121 361.0 3 7959.0 4695.0 0.45
102 122 362.0 3 53.0 5522.0 1.04
103 122 362.0 3 5526.0 5582.0 1.93
104 123 363.0 3 6590.0 8605.0 0.45
105 125 365.0 3 2760.0 9977.0 1.32
106 127 367.0 3 4746.0 9157.0 1.43
107 129 369.0 3 9071.0 9447.0 0.32
108 131 371.0 3 242.0 619.0 0.48
109 131 371.0 3 9634.0 4408.0 0.63
110 133 373.0 3 8698.0 9666.0 1.03
111 134 374.0 3 7587.0 3778.0 1.03
112 137 377.0 3 3748.0 1647.0 0.91
113 140 380.0 3 4037.0 8835.0 1.63
114 143 383.0 3 2303.0 146.0 0.63
115 143 383.0 3 3715.0 4751.0 1.9
116 143 383.0 3 4581.0 2071.0 1.28
117 145 385.0 3 9447.0 5276.0 0.45
118 153 393.0 3 7884.0 3180.0 1.23
119 154 394.0 3 4760.0 857.0 0.59
120 155 395.0 3 9301.0 6682.0 0.97
121 155 395.0 3 5557.0 5546.0 1.28
122 160 400.0 3 4194.0 6185.0 1.63
123 160 400.0 3 8753.0 4968.0 0.44
124 162 402.0 3 8666.0 5405.0 0.66
125 167 407.0 3 5863.0 2504.0 0.85
126 167 407.0 3 1213.0 668.0 0.45
127 170 410.0 3 621.0 4132.0 1.77
128 174 414.0 3 8218.0 1180.0 1.83
129 175 415.0 3 4887.0 9551.0 1.12
130 175 415.0 3 8717.0 1137.0 1.58
131 176 416.0 3 8735.0 8998.0 1.21
132 177 417.0 3 6489.0 2302.0 1.84
133 178 418.0 3 7779.0 8687.0 1.17
134 179 419.0 3 4175.0 5456.0 1.63
135 182 422.0 3 5081.0 2869.0 1.09
136 183 423.0 3 4075.0 1352.0 0.47
137 189 429.0 3 7301.0 2854.0 1.91
138 189 429.0 3 5078.0 3120.0 1.93
139 189 429.0 3 569.0 3120.0 0.41
140 191 431.0 3 8326.0 3566.0 1.21
141 193 433.0 3 7003.0 3208.0 0.49
142 196 436.0 3 2014.0 7273.0 1.39
143 201 441.0 3 1602.0 1154.0 1.68
144 202 442.0 3 1657.0 5929.0 1.99
145 202 442.0 3 5899.0 1055.0 0.98
146 204 444.0 3 2079.0 7613.0 1.59
147 206 446.0 3 9564.0 1455.0 1.08
148 206 446.0 3 8280.0 7868.0 0.52
149 208 448.0 3 8547.0 2099.0 0.36
150 209 449.0 3 5287.0 5938.0 0.56
151 210 450.0 3 6835.0 8917.0 0.44
152 213 453.0 3 2907.0 5959.0 1.71
153 214 454.0 3 5207.0 9602.0 1.5
154 214 454.0 3 3566.0 3295.0 1.89
155 216 456.0 3 9683.0 3059.0 1.19
156 216 456.0 3 6364.0 1029.0 1.67
157 216 456.0 3 6341.0 5354.0 0.67
158 216 456.0 3 6581.0 8960.0 1.21
159 219 459.0 3 2408.0 3088.0 1.17
160 219 459.0 3 9722.0 5424.0 1.76
161 219 459.0 3 9398.0 8978.0 1.1
162 220 460.0 3 4520.0 9211.0 0.59
163 222 462.0 3 4613.0 1429.0 1.34
164 222 462.0 3 4217.0 4628.0 1.61
165 223 463.0 3 6138.0 4223.0 1.6
166 225 465.0 3 7769.0 4350.0 1.33
167 230 470.0 3 4600.0 6847.0 1.67
168 230 470.0 3 655.0 963.0 0.61
169 231 471.0 3 2595.0 7284.0 1.32
170 232 472.0 3 777.0 9180.0 0.74
171 233 473.0 3 1045.0 3419.0 0.8
172 234 474.0 3 916.0 7467.0 1.56
173 234 474.0 3 196.0 3598.0 0.42
174 236 476.0 3 8690.0 3361.0 0.49
175 236 476.0 3 9371.0 3473.0 0.84
176 241 481.0 3 442.0 3544.0 0.38
177 241 481.0 3 3829.0 4432.0 0.71
178 242 482.0 3 349.0 4215.0 0.93
179 242 482.0 3 4416.0 4167.0 0.63
180 242 482.0 3 4454.0 1385.0 0.61
181 244 484.0 3 6152.0 2200.0 0.9
182 244 484.0 3 4779.0 3811.0 1.17
183 245 485.0 3 9499.0 2987.0 0.67
184 247 487.0 3 7445.0 2634.0 1.92
185 247 487.0 3 7307.0 5651.0 1.63
186 248 488.0 3 2541.0 7101.0 0.38
187 249 489.0 3 4076.0 8332.0 0.37
188 249 489.0 3 7975.0 3647.0 1.56
189 251 491.0 3 5706.0 304.0 0.49
190 251 491.0 3 6367.0 3959.0 1.55
191 255 495.0 3 7743.0 7617.0 0.53
192 256 496.0 3 9760.0 1183.0 0.38
193 261 501.0 3 5630.0 3661.0 1.7
194 262 502.0 3 1422.0 8398.0 0.53
195 263 503.0 3 961.0 3350.0 0.71
196 264 504.0 3 6119.0 344.0 0.52
197 264 504.0 3 6404.0 2354.0 1.52
198 265 505.0 3 6734.0 7504.0 1.42
199 267 507.0 3 9081.0 3340.0 0.69
200 269 509.0 3 5542.0 1528.0 1.63
201 269 509.0 3 8763.0 4425.0 0.42
202 270 510.0 3 9205.0 9611.0 0.54
203 272 512.0 3 13.0 5149.0 1.48
204 274 514.0 3 148.0 3733.0 1.31
205 276 516.0 3 3146.0 4227.0 1.6
206 278 518.0 3 2668.0 8390.0 1.88
207 279 519.0 3 7563.0 7013.0 1.88
208 280 520.0 3 6086.0 3315.0 1.43
209 281 521.0 3 5047.0 6004.0 0.32
210 282 522.0 3 2408.0 4449.0 0.65
211 283 523.0 3 4047.0 3618.0 0.4
212 285 525.0 3 8476.0 4651.0 0.92
213 288 528.0 3 7696.0 7928.0 1.83
214 289 529.0 3 1271.0 2224.0 0.67
215 290 530.0 3 2683.0 5870.0 1.27
216 291 531.0 3 6058.0 8013.0 1.99
217 294 534.0 3 5618.0 6471.0 0.89
218 296 536.0 3 6759.0 4498.0 0.31
219 296 536.0 3 9024.0 5752.0 0.76
220 297 537.0 3 1576.0 2971.0 0.62
221 298 538.0 3 4981.0 6754.0 1.87
222 298 538.0 3 7104.0 5682.0 1.16
223 301 541.0 3 8855.0 3149.0 1.6
224 305 545.0 3 7575.0 6425.0 1.98
225 305 545.0 3 3224.0 9288.0 1.25
226 305 545.0 3 8784.0 4667.0 0.89
227 307 547.0 3 4336.0 113.0 1.92
228 309 549.0 3 5416.0 180.0 0.66
229 311 551.0 3 1558.0 6332.0 1.92
230 315 555.0 3 287.0 9259.0 0.55
231 316 556.0 3 7230.0 8987.0 0.45
232 318 558.0 3 581.0 2286.0 1.2
233 319 559.0 3 2015.0 2023.0 1.76
234 320 560.0 3 5378.0 3375.0 0.33
235 321 561.0 3 7260.0 2846.0 1.27
236 324 564.0 3 1930.0 286.0 0.32
237 324 564.0 3 2636.0 3371.0 0.51
238 325 565.0 3 1597.0 7902.0 1.41
239 325 565.0 3 2682.0 3201.0 1.93
240 329 569.0 3 1921.0 5328.0 0.56
241 330 570.0 3 724.0 6563.0 1.45
242 331 571.0 3 8889.0 8632.0 1.52
243 334 574.0 3 5050.0 8799.0 1.77
244 336 576.0 3 3026.0 6005.0 1.89
245 337 577.0 3 8743.0 4691.0 1.89
246 337 577.0 3 2211.0 5894.0 1.85
247 338 578.0 3 2897.0 9901.0 0.55
248 338 578.0 3 9299.0 2560.0 1.87
249 340 580.0 3 4701.0 7552.0 1.16
250 342 582.0 3 927.0 9514.0 0.36
251 342 582.0 3 7557.0 8479.0 0.46
252 342 582.0 3 7109.0 3591.0 0.93
253 346 586.0 3 9329.0 4921.0 1.17
254 350 590.0 3 2602.0 5570.0 1.93
255 350 590.0 3 9545.0 3699.0 0.4
256 351 591.0 3 3473.0 6304.0 1.38
257 352 592.0 3 3527.0 6178.0 0.52
258 352 592.0 3 1933.0 4462.0 1.67
259 356 596.0 3 6567.0 4531.0 1.14
260 356 596.0 3 4220.0 3203.0 1.85
261 361 601.0 3 3709.0 3802.0 0.98
262 363 603.0 3 2983.0 9623.0 1.2
263 363 603.0 3 9279.0 5081.0 1.26
264 363 603.0 3 6812.0 4153.0 0.59
265 368 608.0 3 6081.0 3750.0 1.44
266 370 610.0 3 3702.0 3122.0 1.73
267 371 611.0 3 3649.0 6923.0 1.1
268 372 612.0 3 5883.0 7997.0 0.91
269 375 615.0 3 2322.0 8480.0 1.96
270 376 616.0 3 5920.0 176.0 0.58
271 376 616.0 3 5601.0 5784.0 1.97
272 377 617.0 3 6031.0 6829.0 1.97
273 377 617.0 3 6580.0 7205.0 1.51
274 380 620.0 3 4750.0 8908.0 1.9
275 382 622.0 3 2746.0 5810.0 1.02
276 384 624.0 3 8355.0 5842.0 1.4
277 385 625.0 3 9460.0 4280.0 1.9
278 391 631.0 3 2595.0 6905.0 1.67
279 392 632.0 3 2007.0 5381.0 1.86
280 393 633.0 3 1362.0 800.0 1.34
281 394 634.0 3 7677.0 7537.0 1.32
282 395 635.0 3 7739.0 8766.0 1.21
283 395 635.0 3 1735.0 4621.0 0.81
284 395 635.0 3 2606.0 6970.0 0.7
285 397 637.0 3 7100.0 9316.0 1.84
286 397 637.0 3 4279.0 1236.0 0.33
287 401 641.0 3 9237.0 5191.0 1.11
288 403 643.0 3 9848.0 6700.0 1.15
289 404 644.0 3 1256.0 5838.0 1.51
290 407 647.0 3 6401.0 7822.0 1.63
291 408 648.0 3 8573.0 6386.0 1.64
292 409 649.0 3 7785.0 7608.0 1.53
293 411 651.0 3 5221.0 8028.0 0.87
294 412 652.0 3 1779.0 3640.0 0.94
295 413 653.0 3 5310.0 7559.0 1.3
296 416 656.0 3 5876.0 6552.0 0.76
297 416 656.0 3 5116.0 9174.0 1.93
298 417 657.0 3 207.0 6944.0 1.91
299 417 657.0 3 1982.0 2501.0 1.5
300 418 658.0 3 608.0 7424.0 1.77
0 0 540 30 5000 5000 0
Num_drones 18
