Drone_data                      
          q_d       2.3     [Kg]
            W       1.5     [Kg]
            m       1.5     [Kg]
            g      9.81   [N/Kg]
        rho_d     1.204 [Kg/m^3]
         xi_d    0.0064    [m^2]
          h_d         6         
KWh_conv_fact  0.000017         
      ce_unit       306  [â‚¬/KWh]

Battery_data                      
             E_min  10.00  percent
             E_max 100.00  percent
           under_E  10.00  percent
max_energy_density   0.27 [KWh/Kg]
 minutes_conv_fact   0.60         
    charging power   0.90  [KW/Kg]
           omega_0   0.00         
               rho  20.00  minutes

Customers_data 
id t l_i st_i x_i y_i q_i
1 1 241.0 3 6158.0 1922.0 0.53
2 1 241.0 3 2905.0 1510.0 1.85
3 2 242.0 3 1569.0 8523.0 1.75
4 6 246.0 3 402.0 2113.0 0.68
5 7 247.0 3 5660.0 7670.0 0.9
6 9 249.0 3 5612.0 2871.0 1.78
7 9 249.0 3 3798.0 6362.0 1.54
8 10 250.0 3 5904.0 1297.0 2.0
9 11 251.0 3 4418.0 5632.0 1.98
10 14 254.0 3 782.0 4499.0 0.85
11 14 254.0 3 1028.0 4061.0 0.81
12 15 255.0 3 6961.0 2890.0 0.87
13 17 257.0 3 2647.0 4435.0 1.77
14 17 257.0 3 5863.0 2002.0 1.75
15 19 259.0 3 1406.0 5221.0 0.99
16 19 259.0 3 1092.0 9493.0 1.27
17 21 261.0 3 9020.0 7076.0 0.99
18 23 263.0 3 4310.0 1419.0 1.1
19 23 263.0 3 9711.0 4284.0 0.5
20 24 264.0 3 4663.0 3626.0 1.04
21 27 267.0 3 2551.0 976.0 0.75
22 29 269.0 3 7380.0 7961.0 1.05
23 29 269.0 3 7943.0 9734.0 0.75
24 34 274.0 3 4652.0 7446.0 0.32
25 36 276.0 3 8605.0 3694.0 1.86
26 37 277.0 3 8678.0 8236.0 1.62
27 37 277.0 3 4726.0 1374.0 0.94
28 39 279.0 3 770.0 9388.0 0.45
29 39 279.0 3 2244.0 3144.0 0.57
30 39 279.0 3 9220.0 7451.0 1.86
31 39 279.0 3 8827.0 5085.0 1.13
32 41 281.0 3 4492.0 37.0 0.94
33 43 283.0 3 9667.0 5557.0 1.68
34 46 286.0 3 9403.0 8702.0 1.23
35 49 289.0 3 2809.0 22.0 0.8
36 53 293.0 3 4510.0 7565.0 1.78
37 55 295.0 3 6535.0 742.0 1.99
38 55 295.0 3 4448.0 6433.0 0.57
39 56 296.0 3 5780.0 1109.0 1.57
40 57 297.0 3 3779.0 4983.0 1.08
41 57 297.0 3 939.0 4003.0 0.88
42 57 297.0 3 4532.0 2961.0 0.45
43 59 299.0 3 3889.0 4677.0 0.91
44 59 299.0 3 1596.0 2796.0 1.8
45 60 300.0 3 2398.0 7314.0 0.35
46 61 301.0 3 3866.0 6090.0 1.78
47 63 303.0 3 6541.0 4695.0 1.54
48 64 304.0 3 2202.0 171.0 0.44
49 64 304.0 3 2042.0 1804.0 1.03
50 64 304.0 3 9297.0 7488.0 1.29
51 66 306.0 3 5965.0 348.0 0.43
52 69 309.0 3 5798.0 68.0 1.5
53 69 309.0 3 2734.0 462.0 1.22
54 71 311.0 3 1721.0 3131.0 1.41
55 71 311.0 3 7626.0 7092.0 1.36
56 73 313.0 3 475.0 9830.0 0.4
57 73 313.0 3 5491.0 382.0 0.59
58 75 315.0 3 1571.0 4713.0 1.34
59 75 315.0 3 37.0 4131.0 1.57
60 75 315.0 3 2972.0 7714.0 1.37
61 76 316.0 3 7007.0 50.0 0.8
62 77 317.0 3 3434.0 7671.0 0.74
63 79 319.0 3 3027.0 7286.0 1.75
64 84 324.0 3 1121.0 7660.0 1.86
65 84 324.0 3 4667.0 7160.0 1.31
66 85 325.0 3 5322.0 2638.0 1.31
67 85 325.0 3 379.0 6385.0 0.63
68 86 326.0 3 3342.0 2045.0 1.3
69 87 327.0 3 4427.0 5573.0 1.44
70 92 332.0 3 5584.0 4525.0 1.77
71 92 332.0 3 2840.0 5285.0 1.72
72 96 336.0 3 1052.0 2662.0 1.4
73 104 344.0 3 366.0 5228.0 0.49
74 105 345.0 3 4269.0 4011.0 0.77
75 106 346.0 3 8064.0 974.0 1.79
76 109 349.0 3 8545.0 8134.0 1.0
77 110 350.0 3 1537.0 629.0 0.84
78 111 351.0 3 5807.0 6217.0 1.99
79 112 352.0 3 8169.0 3207.0 0.31
80 112 352.0 3 4209.0 9289.0 0.86
81 113 353.0 3 4159.0 2622.0 0.32
82 114 354.0 3 3253.0 9649.0 0.41
83 118 358.0 3 4131.0 3670.0 1.66
84 119 359.0 3 3491.0 4788.0 1.86
85 119 359.0 3 8124.0 2117.0 0.87
86 120 360.0 3 5977.0 429.0 0.87
87 122 362.0 3 2779.0 4365.0 1.74
88 124 364.0 3 4611.0 8453.0 0.43
89 124 364.0 3 1330.0 5792.0 1.22
90 124 364.0 3 6395.0 5681.0 1.74
91 124 364.0 3 546.0 2347.0 1.95
92 125 365.0 3 2591.0 1484.0 1.88
93 126 366.0 3 5210.0 8326.0 1.95
94 132 372.0 3 3841.0 7444.0 0.52
95 132 372.0 3 5313.0 7838.0 1.44
96 133 373.0 3 9967.0 7555.0 0.52
97 135 375.0 3 7836.0 946.0 0.93
98 138 378.0 3 5784.0 7908.0 0.38
99 139 379.0 3 597.0 5537.0 0.72
100 139 379.0 3 6262.0 1401.0 1.24
101 139 379.0 3 1849.0 2703.0 1.63
102 140 380.0 3 8414.0 935.0 0.58
103 142 382.0 3 3987.0 6505.0 1.28
104 143 383.0 3 2576.0 7731.0 0.83
105 144 384.0 3 7128.0 7541.0 1.22
106 144 384.0 3 2769.0 7952.0 0.67
107 146 386.0 3 5998.0 9040.0 1.72
108 149 389.0 3 7398.0 1572.0 1.6
109 152 392.0 3 2891.0 8530.0 0.92
110 154 394.0 3 9221.0 9500.0 0.8
111 156 396.0 3 1466.0 7454.0 1.61
112 156 396.0 3 6218.0 6879.0 0.9
113 156 396.0 3 5154.0 7656.0 2.0
114 158 398.0 3 5189.0 2391.0 1.83
115 162 402.0 3 5040.0 7023.0 0.71
116 162 402.0 3 5534.0 1038.0 1.96
117 163 403.0 3 917.0 8194.0 1.58
118 164 404.0 3 6477.0 3041.0 1.5
119 166 406.0 3 5138.0 3438.0 1.85
120 168 408.0 3 7739.0 4398.0 0.82
121 168 408.0 3 5563.0 5324.0 1.92
122 168 408.0 3 9878.0 8074.0 0.33
123 169 409.0 3 2733.0 5187.0 1.17
124 170 410.0 3 6664.0 3304.0 0.4
125 174 414.0 3 7991.0 8098.0 1.49
126 175 415.0 3 5049.0 3637.0 0.67
127 175 415.0 3 2382.0 7325.0 0.93
128 176 416.0 3 3576.0 8470.0 0.9
129 176 416.0 3 4383.0 8920.0 1.64
130 177 417.0 3 6339.0 9382.0 0.77
131 178 418.0 3 608.0 4567.0 1.8
132 181 421.0 3 8112.0 5879.0 0.52
133 181 421.0 3 9822.0 4614.0 1.18
134 183 423.0 3 9468.0 1237.0 1.11
135 185 425.0 3 2649.0 8058.0 1.5
136 185 425.0 3 5049.0 8899.0 1.79
137 187 427.0 3 5263.0 7295.0 1.36
138 189 429.0 3 3788.0 346.0 0.65
139 189 429.0 3 3001.0 3416.0 0.75
140 193 433.0 3 9517.0 8338.0 1.08
141 194 434.0 3 4635.0 927.0 1.88
142 194 434.0 3 361.0 1003.0 0.3
143 196 436.0 3 6755.0 6402.0 0.72
144 197 437.0 3 8966.0 2715.0 0.53
145 198 438.0 3 7854.0 4118.0 1.19
146 198 438.0 3 5905.0 1894.0 1.85
147 199 439.0 3 9746.0 5530.0 1.39
148 201 441.0 3 2636.0 7925.0 1.13
149 201 441.0 3 6231.0 9749.0 0.83
150 202 442.0 3 9128.0 472.0 0.3
151 204 444.0 3 2463.0 5267.0 0.53
152 204 444.0 3 598.0 3378.0 1.59
153 207 447.0 3 9775.0 4600.0 0.62
154 208 448.0 3 538.0 3125.0 1.95
155 209 449.0 3 2239.0 4063.0 0.79
156 209 449.0 3 6360.0 6295.0 0.91
157 212 452.0 3 6494.0 261.0 1.28
158 217 457.0 3 9516.0 8269.0 0.88
159 219 459.0 3 1890.0 4176.0 1.53
160 219 459.0 3 6687.0 355.0 0.42
161 220 460.0 3 3417.0 1784.0 0.83
162 220 460.0 3 9665.0 6411.0 1.75
163 221 461.0 3 2399.0 6821.0 1.85
164 222 462.0 3 4224.0 9380.0 1.31
165 224 464.0 3 3192.0 2635.0 1.03
166 226 466.0 3 6990.0 6562.0 1.24
167 228 468.0 3 2020.0 7747.0 0.31
168 233 473.0 3 8685.0 3640.0 1.41
169 234 474.0 3 465.0 3029.0 0.32
170 238 478.0 3 6937.0 4538.0 1.37
171 238 478.0 3 7860.0 5664.0 1.58
172 243 483.0 3 4440.0 2917.0 1.81
173 245 485.0 3 2032.0 6458.0 1.95
174 248 488.0 3 1847.0 7590.0 0.71
175 250 490.0 3 4426.0 333.0 0.89
176 250 490.0 3 5520.0 569.0 1.79
177 252 492.0 3 7813.0 5229.0 0.91
178 253 493.0 3 1250.0 5269.0 0.31
179 255 495.0 3 5172.0 730.0 0.58
180 255 495.0 3 6136.0 5640.0 2.0
181 255 495.0 3 5693.0 1644.0 0.55
182 256 496.0 3 4459.0 8395.0 1.87
183 256 496.0 3 4046.0 4282.0 1.13
184 257 497.0 3 4288.0 2748.0 0.9
185 257 497.0 3 3769.0 85.0 0.47
186 259 499.0 3 629.0 7492.0 1.07
187 260 500.0 3 5315.0 4378.0 1.87
188 261 501.0 3 267.0 2176.0 1.51
189 261 501.0 3 3354.0 6397.0 1.63
190 261 501.0 3 6070.0 2019.0 0.95
191 261 501.0 3 7373.0 7719.0 1.49
192 262 502.0 3 2646.0 1741.0 0.52
193 263 503.0 3 39.0 4958.0 0.57
194 263 503.0 3 4233.0 8575.0 1.1
195 264 504.0 3 3588.0 2496.0 0.97
196 265 505.0 3 1765.0 8059.0 0.39
197 267 507.0 3 4356.0 4672.0 1.26
198 267 507.0 3 8560.0 6136.0 1.25
199 268 508.0 3 7695.0 3997.0 1.29
200 270 510.0 3 6174.0 2383.0 1.44
201 273 513.0 3 4547.0 2963.0 1.58
202 273 513.0 3 4865.0 8062.0 1.03
203 275 515.0 3 9611.0 7076.0 1.94
204 275 515.0 3 8840.0 6763.0 1.94
205 278 518.0 3 7885.0 8941.0 1.77
206 278 518.0 3 7599.0 6262.0 1.41
207 278 518.0 3 3066.0 6379.0 1.09
208 278 518.0 3 7127.0 1832.0 1.89
209 280 520.0 3 7664.0 9063.0 0.85
210 280 520.0 3 6688.0 5568.0 0.83
211 280 520.0 3 3213.0 3462.0 1.04
212 282 522.0 3 1321.0 7686.0 1.3
213 283 523.0 3 7277.0 1736.0 1.31
214 284 524.0 3 3819.0 1357.0 1.78
215 284 524.0 3 9454.0 4975.0 0.69
216 284 524.0 3 4835.0 4019.0 1.13
217 284 524.0 3 4053.0 589.0 1.07
218 286 526.0 3 7602.0 7156.0 0.7
219 290 530.0 3 5929.0 6718.0 0.77
220 291 531.0 3 5990.0 4884.0 0.48
221 292 532.0 3 2261.0 3329.0 1.33
222 294 534.0 3 5962.0 1079.0 0.58
223 296 536.0 3 1714.0 9034.0 1.29
224 296 536.0 3 6046.0 7377.0 1.32
225 297 537.0 3 6289.0 1632.0 1.03
226 298 538.0 3 4019.0 1458.0 0.78
227 303 543.0 3 5435.0 1254.0 1.72
228 305 545.0 3 9088.0 8125.0 1.42
229 305 545.0 3 533.0 3490.0 0.75
230 306 546.0 3 5523.0 4175.0 1.44
231 306 546.0 3 9198.0 2295.0 0.54
232 308 548.0 3 4329.0 3525.0 1.47
233 309 549.0 3 2160.0 1779.0 0.5
234 310 550.0 3 4316.0 8379.0 1.92
235 310 550.0 3 9353.0 2623.0 0.76
236 314 554.0 3 4620.0 6614.0 1.86
237 323 563.0 3 916.0 5466.0 1.7
238 325 565.0 3 5629.0 4550.0 1.27
239 326 566.0 3 4326.0 2489.0 1.81
240 332 572.0 3 1826.0 8246.0 0.79
241 333 573.0 3 8089.0 2033.0 1.93
242 334 574.0 3 6745.0 5011.0 1.13
243 335 575.0 3 9137.0 4117.0 1.42
244 336 576.0 3 3052.0 7796.0 1.52
245 338 578.0 3 2534.0 4226.0 1.94
246 338 578.0 3 4751.0 1348.0 1.79
247 339 579.0 3 5272.0 5663.0 1.27
248 340 580.0 3 5249.0 5582.0 1.69
249 341 581.0 3 9348.0 4494.0 1.91
250 342 582.0 3 7788.0 8923.0 1.67
251 343 583.0 3 5258.0 1721.0 1.61
252 344 584.0 3 3675.0 1431.0 1.15
253 350 590.0 3 1504.0 6188.0 0.64
254 355 595.0 3 7427.0 9632.0 1.4
255 358 598.0 3 961.0 3719.0 1.24
256 360 600.0 3 746.0 3997.0 1.1
257 360 600.0 3 1007.0 3498.0 1.3
258 361 601.0 3 9400.0 4142.0 0.73
259 361 601.0 3 2602.0 9218.0 0.74
260 366 606.0 3 5426.0 7588.0 0.55
261 366 606.0 3 4972.0 2824.0 1.93
262 367 607.0 3 5691.0 9027.0 0.56
263 368 608.0 3 9113.0 3782.0 1.55
264 370 610.0 3 7389.0 7074.0 0.91
265 371 611.0 3 6130.0 6552.0 0.91
266 371 611.0 3 6758.0 4627.0 1.14
267 377 617.0 3 2996.0 6238.0 1.92
268 377 617.0 3 6453.0 6632.0 1.23
269 377 617.0 3 5396.0 6458.0 1.9
270 378 618.0 3 6120.0 7264.0 1.8
271 380 620.0 3 973.0 8506.0 0.84
272 382 622.0 3 5794.0 4613.0 1.06
273 384 624.0 3 4245.0 2381.0 1.24
274 386 626.0 3 6633.0 7294.0 1.6
275 387 627.0 3 8918.0 6884.0 1.86
276 388 628.0 3 1512.0 8661.0 0.74
277 390 630.0 3 4151.0 5076.0 1.41
278 394 634.0 3 5200.0 5186.0 1.49
279 394 634.0 3 162.0 6464.0 0.92
280 397 637.0 3 1183.0 7657.0 1.54
281 397 637.0 3 5636.0 8875.0 0.52
282 398 638.0 3 2697.0 5645.0 0.31
283 399 639.0 3 8458.0 2406.0 1.09
284 402 642.0 3 4499.0 2343.0 1.66
285 403 643.0 3 9728.0 8598.0 0.98
286 403 643.0 3 4366.0 9196.0 0.83
287 405 645.0 3 9118.0 4946.0 0.61
288 405 645.0 3 8952.0 9486.0 1.1
289 407 647.0 3 2028.0 3985.0 1.68
290 407 647.0 3 8043.0 6996.0 0.4
291 407 647.0 3 2009.0 7002.0 1.88
292 411 651.0 3 3875.0 431.0 1.47
293 411 651.0 3 8699.0 9033.0 0.49
294 413 653.0 3 877.0 4688.0 0.55
295 413 653.0 3 7390.0 8593.0 1.28
296 416 656.0 3 5111.0 3087.0 1.29
297 416 656.0 3 7196.0 3167.0 0.94
298 417 657.0 3 3830.0 9122.0 1.75
299 417 657.0 3 4126.0 7297.0 0.93
300 419 659.0 3 6655.0 7158.0 1.11
0 0 540 30 5000 5000 0
Num_drones 18
