Drone_data                      
          q_d       2.3     [Kg]
            W       1.5     [Kg]
            m       1.5     [Kg]
            g      9.81   [N/Kg]
        rho_d     1.204 [Kg/m^3]
         xi_d    0.0064    [m^2]
          h_d         6         
KWh_conv_fact  0.000017         
      ce_unit       306  [â‚¬/KWh]

Battery_data                      
             E_min  10.00  percent
             E_max 100.00  percent
           under_E  10.00  percent
max_energy_density   0.27 [KWh/Kg]
 minutes_conv_fact   0.60         
    charging power   0.90  [KW/Kg]
           omega_0   0.00         
               rho  20.00  minutes

Customers_data 
id t l_i st_i x_i y_i q_i
1 0 240.0 3 3395.0 5218.0 0.95
2 4 244.0 3 1693.0 358.0 0.62
3 8 248.0 3 5862.0 5025.0 0.8
4 8 248.0 3 5527.0 9691.0 1.23
5 9 249.0 3 8616.0 4002.0 0.68
6 10 250.0 3 1949.0 4540.0 1.7
7 11 251.0 3 2108.0 6440.0 1.7
8 11 251.0 3 4807.0 4365.0 1.85
9 11 251.0 3 3997.0 9501.0 1.39
10 11 251.0 3 5135.0 6155.0 1.49
11 16 256.0 3 6031.0 7632.0 0.81
12 16 256.0 3 7511.0 4152.0 1.52
13 16 256.0 3 4064.0 5272.0 1.7
14 17 257.0 3 9706.0 4811.0 1.82
15 18 258.0 3 7529.0 5957.0 1.44
16 19 259.0 3 5461.0 5993.0 1.8
17 22 262.0 3 9238.0 4131.0 1.92
18 22 262.0 3 1936.0 2410.0 0.94
19 23 263.0 3 6845.0 4674.0 0.46
20 23 263.0 3 3551.0 4863.0 0.67
21 25 265.0 3 7591.0 4531.0 0.8
22 25 265.0 3 3876.0 5575.0 1.83
23 26 266.0 3 6829.0 8965.0 0.56
24 26 266.0 3 5711.0 4123.0 0.57
25 27 267.0 3 1716.0 4624.0 1.62
26 29 269.0 3 2794.0 4784.0 0.4
27 29 269.0 3 5416.0 2760.0 1.2
28 30 270.0 3 5645.0 2566.0 1.57
29 31 271.0 3 7482.0 3480.0 0.55
30 33 273.0 3 6322.0 4502.0 0.54
31 33 273.0 3 3392.0 4175.0 0.67
32 35 275.0 3 4833.0 5761.0 1.67
33 36 276.0 3 1460.0 9482.0 1.29
34 37 277.0 3 4524.0 2942.0 1.21
35 38 278.0 3 7167.0 1591.0 0.9
36 38 278.0 3 7806.0 8867.0 1.75
37 39 279.0 3 6724.0 6522.0 0.32
38 43 283.0 3 6625.0 9637.0 0.44
39 46 286.0 3 5000.0 4495.0 0.67
40 46 286.0 3 6044.0 3646.0 1.81
41 46 286.0 3 5354.0 2231.0 1.35
42 48 288.0 3 5221.0 6125.0 1.14
43 49 289.0 3 4046.0 4850.0 1.28
44 50 290.0 3 7778.0 1433.0 0.52
45 50 290.0 3 6869.0 1634.0 0.88
46 52 292.0 3 2261.0 7208.0 1.45
47 57 297.0 3 389.0 3459.0 1.23
48 57 297.0 3 5845.0 6591.0 0.57
49 59 299.0 3 2910.0 7452.0 1.71
50 59 299.0 3 1758.0 2861.0 0.71
51 60 300.0 3 7502.0 6592.0 1.82
52 61 301.0 3 4001.0 6153.0 0.88
53 62 302.0 3 7264.0 8990.0 1.15
54 65 305.0 3 4012.0 8019.0 0.66
55 65 305.0 3 5126.0 7724.0 0.57
56 71 311.0 3 4014.0 6144.0 0.31
57 73 313.0 3 5610.0 1677.0 1.65
58 74 314.0 3 8049.0 2494.0 1.67
59 75 315.0 3 5304.0 5413.0 1.24
60 75 315.0 3 3666.0 4878.0 1.44
61 76 316.0 3 10344.0 6170.0 1.5
62 76 316.0 3 5471.0 -263.0 1.62
63 79 319.0 3 4203.0 5206.0 1.7
64 80 320.0 3 7854.0 9209.0 1.26
65 81 321.0 3 4254.0 4017.0 1.55
66 84 324.0 3 2899.0 2754.0 1.76
67 85 325.0 3 7729.0 3341.0 1.69
68 86 326.0 3 5916.0 2303.0 0.88
69 87 327.0 3 3363.0 4364.0 1.14
70 90 330.0 3 4180.0 2530.0 0.69
71 94 334.0 3 4487.0 8745.0 0.43
72 95 335.0 3 4335.0 1108.0 1.98
73 98 338.0 3 6614.0 4175.0 1.77
74 98 338.0 3 2582.0 8083.0 0.92
75 102 342.0 3 4313.0 5245.0 0.5
76 102 342.0 3 5835.0 5455.0 0.31
77 109 349.0 3 6330.0 10222.0 0.88
78 112 352.0 3 2497.0 5183.0 1.23
79 114 354.0 3 3661.0 4913.0 0.46
80 114 354.0 3 8599.0 3996.0 1.78
81 118 358.0 3 7237.0 6678.0 1.72
82 119 359.0 3 3551.0 3959.0 0.72
83 119 359.0 3 5845.0 6090.0 1.63
84 122 362.0 3 4119.0 5077.0 1.92
85 124 364.0 3 6393.0 5181.0 0.82
86 125 365.0 3 2778.0 8511.0 1.95
87 125 365.0 3 3592.0 4935.0 1.12
88 126 366.0 3 6658.0 2158.0 0.74
89 126 366.0 3 -117.0 3752.0 1.29
90 128 368.0 3 1616.0 6173.0 1.6
91 133 373.0 3 5318.0 4787.0 1.89
92 134 374.0 3 8441.0 8645.0 1.36
93 136 376.0 3 4113.0 5388.0 1.35
94 136 376.0 3 7241.0 5350.0 0.96
95 136 376.0 3 5327.0 5572.0 0.77
96 137 377.0 3 8908.0 4491.0 1.39
97 139 379.0 3 6355.0 4736.0 1.79
98 139 379.0 3 6025.0 6859.0 1.16
99 143 383.0 3 1917.0 7797.0 0.4
100 145 385.0 3 3401.0 9657.0 1.01
101 147 387.0 3 7148.0 6019.0 1.97
102 148 388.0 3 4012.0 3493.0 1.96
103 148 388.0 3 5657.0 3997.0 0.45
104 149 389.0 3 6897.0 7746.0 1.59
105 150 390.0 3 1507.0 4484.0 1.55
106 152 392.0 3 5413.0 3568.0 0.73
107 152 392.0 3 4317.0 1447.0 0.94
108 157 397.0 3 33.0 5029.0 1.15
109 158 398.0 3 4251.0 1820.0 1.95
110 158 398.0 3 5646.0 5798.0 1.13
111 158 398.0 3 7670.0 2820.0 1.16
112 158 398.0 3 4805.0 5938.0 1.16
113 160 400.0 3 5384.0 8791.0 0.86
114 160 400.0 3 3681.0 8912.0 1.98
115 165 405.0 3 3546.0 1142.0 1.49
116 166 406.0 3 133.0 4457.0 0.79
117 166 406.0 3 4149.0 616.0 0.78
118 167 407.0 3 10641.0 4224.0 1.03
119 167 407.0 3 4802.0 10241.0 0.66
120 172 412.0 3 6215.0 8114.0 0.91
121 172 412.0 3 3642.0 5865.0 1.55
122 172 412.0 3 1699.0 3501.0 1.93
123 174 414.0 3 6693.0 2180.0 0.37
124 175 415.0 3 2725.0 4968.0 0.71
125 175 415.0 3 6275.0 2163.0 1.75
126 176 416.0 3 2011.0 2572.0 0.81
127 177 417.0 3 5449.0 6775.0 0.42
128 178 418.0 3 5286.0 5556.0 1.42
129 181 421.0 3 7152.0 5382.0 1.95
130 181 421.0 3 2757.0 3314.0 1.66
131 181 421.0 3 9457.0 3651.0 0.65
132 182 422.0 3 8149.0 4293.0 1.72
133 182 422.0 3 6076.0 4975.0 0.67
134 183 423.0 3 8689.0 5102.0 0.7
135 184 424.0 3 3659.0 9323.0 1.7
136 184 424.0 3 2692.0 5097.0 1.21
137 186 426.0 3 3202.0 4402.0 1.51
138 187 427.0 3 9156.0 7150.0 0.82
139 187 427.0 3 6167.0 4100.0 1.16
140 187 427.0 3 6220.0 2136.0 1.77
141 191 431.0 3 2751.0 3475.0 1.08
142 195 435.0 3 4142.0 5705.0 1.36
143 195 435.0 3 5076.0 9464.0 1.0
144 196 436.0 3 6965.0 2570.0 0.87
145 196 436.0 3 4296.0 4958.0 0.87
146 196 436.0 3 5531.0 8648.0 1.66
147 196 436.0 3 82.0 7005.0 0.51
148 198 438.0 3 2045.0 2484.0 1.23
149 199 439.0 3 5722.0 7027.0 0.96
150 199 439.0 3 8654.0 6268.0 0.58
151 201 441.0 3 5224.0 4720.0 1.56
152 201 441.0 3 5569.0 299.0 1.78
153 202 442.0 3 3626.0 5838.0 1.91
154 204 444.0 3 4543.0 1729.0 1.97
155 208 448.0 3 2854.0 4695.0 1.12
156 211 451.0 3 7044.0 7381.0 0.63
157 212 452.0 3 2550.0 4508.0 0.92
158 215 455.0 3 4583.0 5982.0 0.98
159 218 458.0 3 6961.0 8728.0 1.69
160 221 461.0 3 8434.0 7004.0 0.43
161 224 464.0 3 5489.0 2023.0 1.97
162 225 465.0 3 4067.0 1513.0 1.06
163 226 466.0 3 9555.0 3669.0 0.39
164 226 466.0 3 1849.0 5887.0 0.84
165 227 467.0 3 5928.0 4990.0 0.64
166 227 467.0 3 6625.0 7946.0 0.4
167 232 472.0 3 5690.0 8784.0 1.41
168 232 472.0 3 381.0 3395.0 1.53
169 234 474.0 3 4787.0 921.0 1.47
170 234 474.0 3 5445.0 5257.0 1.43
171 238 478.0 3 4628.0 6038.0 0.47
172 238 478.0 3 5973.0 3739.0 1.75
173 239 479.0 3 5097.0 -647.0 1.13
174 239 479.0 3 7074.0 10251.0 0.73
175 240 480.0 3 2335.0 2045.0 0.3
176 241 481.0 3 2044.0 5838.0 1.32
177 244 484.0 3 2664.0 6327.0 0.87
178 245 485.0 3 1958.0 963.0 1.49
179 246 486.0 3 333.0 6428.0 0.5
180 247 487.0 3 6665.0 2660.0 0.92
181 249 489.0 3 5218.0 9269.0 1.7
182 250 490.0 3 9191.0 4278.0 1.07
183 250 490.0 3 3626.0 8385.0 0.81
184 253 493.0 3 9426.0 6092.0 0.57
185 253 493.0 3 5891.0 4351.0 0.65
186 254 494.0 3 6588.0 8969.0 1.66
187 254 494.0 3 4031.0 4402.0 1.4
188 254 494.0 3 10558.0 7412.0 0.35
189 255 495.0 3 7395.0 1747.0 1.68
190 256 496.0 3 8869.0 5950.0 1.86
191 258 498.0 3 5926.0 6347.0 0.91
192 258 498.0 3 9163.0 5358.0 0.77
193 259 499.0 3 8536.0 2008.0 1.95
194 262 502.0 3 7601.0 1454.0 1.48
195 262 502.0 3 2976.0 5668.0 1.87
196 262 502.0 3 5551.0 1449.0 1.65
197 265 505.0 3 4067.0 6378.0 1.95
198 266 506.0 3 4346.0 5470.0 1.32
199 266 506.0 3 4926.0 5245.0 0.64
200 267 507.0 3 6109.0 4407.0 0.72
201 270 510.0 3 4478.0 2825.0 0.38
202 272 512.0 3 2284.0 2983.0 1.19
203 274 514.0 3 3542.0 7800.0 0.91
204 274 514.0 3 5325.0 6465.0 0.39
205 277 517.0 3 8321.0 3971.0 1.07
206 280 520.0 3 4755.0 3763.0 0.51
207 283 523.0 3 7928.0 7173.0 1.4
208 284 524.0 3 9473.0 7621.0 0.43
209 285 525.0 3 7121.0 862.0 1.64
210 285 525.0 3 7760.0 2760.0 1.47
211 289 529.0 3 2853.0 5057.0 1.3
212 290 530.0 3 7460.0 7042.0 0.38
213 290 530.0 3 1334.0 3761.0 1.12
214 291 531.0 3 7195.0 8023.0 1.84
215 291 531.0 3 7025.0 5340.0 1.89
216 292 532.0 3 6438.0 4112.0 1.54
217 294 534.0 3 5341.0 6557.0 1.01
218 296 536.0 3 3331.0 6151.0 1.4
219 297 537.0 3 5279.0 5017.0 1.36
220 298 538.0 3 3337.0 4668.0 1.44
221 299 539.0 3 5805.0 3910.0 0.33
222 299 539.0 3 10021.0 3928.0 1.62
223 301 541.0 3 3978.0 -127.0 0.46
224 302 542.0 3 8405.0 5501.0 0.9
225 303 543.0 3 6753.0 4164.0 1.71
226 304 544.0 3 5949.0 6436.0 0.45
227 304 544.0 3 10282.0 4283.0 1.29
228 305 545.0 3 5452.0 5385.0 1.59
229 306 546.0 3 2729.0 2854.0 1.76
230 306 546.0 3 466.0 4194.0 0.8
231 307 547.0 3 8138.0 5020.0 2.0
232 307 547.0 3 4918.0 4652.0 0.6
233 308 548.0 3 7410.0 4927.0 1.51
234 308 548.0 3 4027.0 6996.0 0.67
235 308 548.0 3 3664.0 80.0 0.48
236 310 550.0 3 4852.0 3759.0 0.46
237 311 551.0 3 7299.0 6619.0 1.49
238 312 552.0 3 3947.0 10279.0 1.32
239 313 553.0 3 7493.0 1059.0 1.21
240 316 556.0 3 5668.0 7289.0 0.36
241 318 558.0 3 4130.0 5182.0 1.0
242 319 559.0 3 2252.0 1865.0 0.69
243 320 560.0 3 5775.0 8754.0 1.67
244 320 560.0 3 5612.0 4347.0 0.73
245 320 560.0 3 4309.0 4592.0 1.03
246 321 561.0 3 6808.0 3995.0 0.63
247 322 562.0 3 5593.0 4155.0 1.44
248 324 564.0 3 7874.0 -18.0 0.66
249 328 568.0 3 6709.0 3716.0 1.88
250 328 568.0 3 6080.0 6530.0 1.25
251 328 568.0 3 6128.0 3152.0 1.65
252 330 570.0 3 7501.0 3926.0 1.55
253 332 572.0 3 4028.0 6514.0 1.94
254 335 575.0 3 2959.0 5986.0 1.32
255 335 575.0 3 7392.0 3734.0 0.87
256 335 575.0 3 6239.0 2462.0 1.49
257 343 583.0 3 9463.0 2326.0 1.59
258 346 586.0 3 5576.0 813.0 0.74
259 346 586.0 3 8936.0 4443.0 1.81
260 349 589.0 3 4867.0 5223.0 0.39
261 350 590.0 3 9469.0 1197.0 1.13
262 351 591.0 3 2882.0 4281.0 1.45
263 352 592.0 3 3884.0 10002.0 0.54
264 353 593.0 3 5949.0 1238.0 1.22
265 355 595.0 3 4757.0 1826.0 0.89
266 356 596.0 3 6212.0 4540.0 0.31
267 357 597.0 3 6364.0 3781.0 1.39
268 358 598.0 3 5623.0 2499.0 1.14
269 361 601.0 3 2838.0 2906.0 1.93
270 364 604.0 3 3832.0 5571.0 0.71
271 366 606.0 3 7946.0 5997.0 0.84
272 368 608.0 3 5601.0 5595.0 1.82
273 373 613.0 3 9035.0 4593.0 1.51
274 374 614.0 3 6538.0 3928.0 0.72
275 374 614.0 3 4833.0 2448.0 1.96
276 375 615.0 3 1504.0 5127.0 1.28
277 378 618.0 3 4757.0 6259.0 1.52
278 378 618.0 3 5410.0 2618.0 0.74
279 378 618.0 3 9070.0 3358.0 1.71
280 380 620.0 3 674.0 7821.0 0.71
281 381 621.0 3 9255.0 4330.0 1.84
282 382 622.0 3 6994.0 6620.0 1.14
283 382 622.0 3 6361.0 2515.0 1.68
284 382 622.0 3 6521.0 2046.0 0.46
285 384 624.0 3 4401.0 2576.0 1.64
286 384 624.0 3 3671.0 5491.0 1.33
287 385 625.0 3 6768.0 2874.0 0.38
288 386 626.0 3 3515.0 2999.0 0.7
289 387 627.0 3 4696.0 7089.0 1.54
290 389 629.0 3 6741.0 4067.0 0.51
291 390 630.0 3 7629.0 6213.0 1.99
292 390 630.0 3 6943.0 6052.0 1.6
293 393 633.0 3 8914.0 5825.0 0.61
294 400 640.0 3 4709.0 9411.0 1.16
295 406 646.0 3 4215.0 4723.0 1.81
296 406 646.0 3 -1495.0 2472.0 0.4
297 414 654.0 3 2698.0 7168.0 1.82
298 415 655.0 3 5073.0 4236.0 1.49
299 415 655.0 3 5351.0 5868.0 1.86
300 416 656.0 3 3056.0 3378.0 1.92
0 0 540 30 5000 5000 0
Num_drones 18
