Drone_data                      
          q_d       2.3     [Kg]
            W       1.5     [Kg]
            m       1.5     [Kg]
            g      9.81   [N/Kg]
        rho_d     1.204 [Kg/m^3]
         xi_d    0.0064    [m^2]
          h_d         6         
KWh_conv_fact  0.000017         
      ce_unit       306  [â‚¬/KWh]

Battery_data                      
             E_min  10.00  percent
             E_max 100.00  percent
           under_E  10.00  percent
max_energy_density   0.27 [KWh/Kg]
 minutes_conv_fact   0.60         
    charging power   0.90  [KW/Kg]
           omega_0   0.00         
               rho  20.00  minutes

Customers_data 
id t l_i st_i x_i y_i q_i
1 0 240.0 3 8397.0 5282.0 0.66
2 0 240.0 3 9460.0 1141.0 0.31
3 2 242.0 3 5852.0 2772.0 1.31
4 4 244.0 3 2540.0 536.0 0.94
5 7 247.0 3 4053.0 6791.0 1.68
6 8 248.0 3 5811.0 8021.0 0.7
7 9 249.0 3 2049.0 5494.0 1.2
8 9 249.0 3 7560.0 8067.0 1.9
9 10 250.0 3 1659.0 5189.0 0.99
10 10 250.0 3 2414.0 8962.0 1.91
11 11 251.0 3 6373.0 482.0 1.68
12 15 255.0 3 3336.0 3786.0 1.45
13 15 255.0 3 4522.0 204.0 1.01
14 17 257.0 3 3059.0 6321.0 1.64
15 17 257.0 3 7247.0 2874.0 1.31
16 18 258.0 3 3607.0 5718.0 0.64
17 18 258.0 3 2416.0 8548.0 1.3
18 19 259.0 3 4564.0 5040.0 0.97
19 20 260.0 3 6086.0 184.0 1.92
20 24 264.0 3 6251.0 9661.0 0.7
21 28 268.0 3 7056.0 1749.0 1.96
22 29 269.0 3 6001.0 5472.0 0.96
23 32 272.0 3 6781.0 6664.0 1.18
24 33 273.0 3 8850.0 1982.0 1.66
25 37 277.0 3 4633.0 856.0 1.3
26 41 281.0 3 3221.0 5812.0 0.69
27 44 284.0 3 1326.0 3969.0 1.76
28 44 284.0 3 4514.0 5374.0 1.85
29 46 286.0 3 3272.0 1997.0 1.66
30 47 287.0 3 3525.0 7094.0 0.85
31 48 288.0 3 3437.0 2748.0 1.07
32 49 289.0 3 1783.0 6802.0 0.98
33 50 290.0 3 2608.0 8625.0 0.81
34 54 294.0 3 7541.0 7285.0 1.68
35 55 295.0 3 2064.0 4138.0 1.53
36 55 295.0 3 2837.0 5663.0 1.28
37 56 296.0 3 2727.0 7177.0 0.92
38 56 296.0 3 3288.0 3572.0 0.63
39 57 297.0 3 451.0 1325.0 0.81
40 59 299.0 3 5937.0 2077.0 1.32
41 60 300.0 3 2722.0 4389.0 1.88
42 60 300.0 3 6884.0 3068.0 1.68
43 61 301.0 3 5478.0 4327.0 1.56
44 63 303.0 3 5892.0 5171.0 1.67
45 67 307.0 3 8313.0 7821.0 1.46
46 67 307.0 3 7333.0 8058.0 1.89
47 68 308.0 3 7253.0 1584.0 1.19
48 69 309.0 3 1025.0 7594.0 1.44
49 71 311.0 3 2538.0 6643.0 0.53
50 71 311.0 3 465.0 4868.0 0.92
51 73 313.0 3 9024.0 1526.0 0.7
52 75 315.0 3 1192.0 7032.0 1.59
53 77 317.0 3 9151.0 548.0 0.47
54 82 322.0 3 6591.0 9133.0 1.7
55 95 335.0 3 4793.0 5441.0 0.96
56 101 341.0 3 5262.0 5605.0 1.24
57 107 347.0 3 3250.0 9810.0 1.32
58 108 348.0 3 6761.0 2512.0 1.65
59 111 351.0 3 7458.0 4968.0 1.54
60 113 353.0 3 1018.0 8627.0 0.74
61 117 357.0 3 3148.0 5858.0 0.41
62 118 358.0 3 4794.0 2602.0 1.9
63 122 362.0 3 2674.0 7274.0 1.7
64 122 362.0 3 2375.0 1155.0 1.79
65 125 365.0 3 4476.0 3839.0 1.1
66 126 366.0 3 8017.0 3469.0 1.49
67 127 367.0 3 8014.0 1368.0 1.64
68 128 368.0 3 334.0 7644.0 1.21
69 131 371.0 3 3863.0 2312.0 0.51
70 140 380.0 3 5921.0 1427.0 1.35
71 141 381.0 3 9.0 2898.0 1.62
72 142 382.0 3 4199.0 5305.0 0.58
73 143 383.0 3 6947.0 9301.0 0.98
74 144 384.0 3 4520.0 8934.0 1.01
75 149 389.0 3 7986.0 1160.0 1.88
76 150 390.0 3 2600.0 441.0 1.58
77 150 390.0 3 5976.0 6624.0 1.72
78 151 391.0 3 8997.0 4174.0 0.5
79 155 395.0 3 6139.0 7451.0 0.49
80 158 398.0 3 8286.0 6999.0 1.74
81 160 400.0 3 6247.0 4266.0 0.61
82 161 401.0 3 2308.0 5276.0 1.89
83 161 401.0 3 3007.0 4855.0 0.37
84 161 401.0 3 2581.0 1075.0 1.62
85 165 405.0 3 6075.0 8897.0 1.87
86 167 407.0 3 8632.0 7936.0 1.98
87 169 409.0 3 7001.0 8254.0 1.31
88 169 409.0 3 9622.0 6776.0 1.08
89 169 409.0 3 9808.0 2724.0 1.08
90 170 410.0 3 7209.0 7046.0 0.82
91 174 414.0 3 7029.0 7696.0 0.43
92 182 422.0 3 6868.0 1862.0 0.31
93 182 422.0 3 5400.0 6576.0 1.15
94 186 426.0 3 313.0 8699.0 0.38
95 188 428.0 3 194.0 1143.0 1.0
96 188 428.0 3 7996.0 8580.0 1.29
97 189 429.0 3 7485.0 7557.0 0.53
98 192 432.0 3 4062.0 7239.0 0.34
99 196 436.0 3 5490.0 7319.0 0.42
100 198 438.0 3 5896.0 7263.0 0.67
101 198 438.0 3 3511.0 9075.0 0.65
102 203 443.0 3 3166.0 558.0 1.13
103 204 444.0 3 6149.0 7011.0 1.98
104 206 446.0 3 5382.0 3479.0 1.12
105 207 447.0 3 3089.0 7311.0 1.59
106 209 449.0 3 3175.0 5669.0 1.72
107 209 449.0 3 7343.0 4053.0 1.37
108 216 456.0 3 1112.0 8244.0 0.6
109 217 457.0 3 8021.0 3821.0 1.91
110 218 458.0 3 7128.0 81.0 1.26
111 223 463.0 3 9267.0 3978.0 0.48
112 224 464.0 3 2244.0 8784.0 1.87
113 224 464.0 3 6120.0 7637.0 0.56
114 228 468.0 3 9583.0 927.0 0.79
115 228 468.0 3 6205.0 4898.0 1.1
116 230 470.0 3 4591.0 2457.0 1.31
117 230 470.0 3 8743.0 3724.0 1.08
118 237 477.0 3 524.0 6278.0 0.75
119 240 480.0 3 2529.0 5791.0 1.5
120 242 482.0 3 2794.0 8087.0 1.89
121 246 486.0 3 4659.0 5313.0 0.34
122 246 486.0 3 8261.0 5171.0 0.72
123 249 489.0 3 4815.0 7855.0 1.61
124 249 489.0 3 2371.0 8208.0 1.46
125 255 495.0 3 4980.0 849.0 1.22
126 256 496.0 3 5548.0 5851.0 0.83
127 256 496.0 3 3338.0 239.0 1.83
128 257 497.0 3 918.0 5156.0 1.05
129 257 497.0 3 5535.0 2322.0 1.92
130 265 505.0 3 1636.0 439.0 0.74
131 268 508.0 3 1169.0 9600.0 0.47
132 271 511.0 3 4348.0 8260.0 0.69
133 271 511.0 3 7009.0 1323.0 0.34
134 275 515.0 3 2016.0 7547.0 0.77
135 276 516.0 3 336.0 8658.0 0.5
136 278 518.0 3 8441.0 2221.0 1.09
137 281 521.0 3 68.0 7951.0 1.01
138 283 523.0 3 3746.0 4367.0 1.85
139 284 524.0 3 8628.0 9660.0 1.2
140 284 524.0 3 4259.0 727.0 1.13
141 292 532.0 3 754.0 4414.0 0.68
142 296 536.0 3 2337.0 8493.0 1.71
143 296 536.0 3 2286.0 7671.0 1.21
144 297 537.0 3 6653.0 333.0 0.49
145 305 545.0 3 2392.0 9135.0 0.99
146 308 548.0 3 8050.0 809.0 1.52
147 308 548.0 3 5633.0 6751.0 1.55
148 310 550.0 3 4693.0 6264.0 0.76
149 311 551.0 3 3942.0 3300.0 1.05
150 313 553.0 3 3831.0 2507.0 1.3
151 313 553.0 3 532.0 5195.0 1.36
152 313 553.0 3 8118.0 1006.0 1.38
153 315 555.0 3 3327.0 6826.0 0.9
154 316 556.0 3 5548.0 559.0 1.32
155 316 556.0 3 4145.0 7638.0 1.81
156 324 564.0 3 4365.0 613.0 1.36
157 329 569.0 3 7017.0 9429.0 1.03
158 329 569.0 3 1246.0 7424.0 0.77
159 334 574.0 3 379.0 5569.0 0.47
160 335 575.0 3 6851.0 8859.0 0.95
161 339 579.0 3 6893.0 8304.0 1.41
162 342 582.0 3 5826.0 9960.0 1.3
163 342 582.0 3 3978.0 3048.0 1.01
164 345 585.0 3 8248.0 3901.0 1.52
165 348 588.0 3 5984.0 7405.0 1.32
166 350 590.0 3 8306.0 8019.0 0.96
167 350 590.0 3 7429.0 4184.0 1.47
168 351 591.0 3 8340.0 1053.0 1.24
169 352 592.0 3 7139.0 2614.0 0.71
170 352 592.0 3 707.0 4209.0 0.35
171 353 593.0 3 1550.0 1265.0 1.51
172 356 596.0 3 6418.0 9090.0 1.11
173 359 599.0 3 7400.0 3183.0 1.95
174 364 604.0 3 9498.0 4697.0 1.0
175 365 605.0 3 3710.0 7429.0 1.64
176 369 609.0 3 8514.0 2241.0 0.55
177 370 610.0 3 5685.0 936.0 1.83
178 370 610.0 3 2170.0 3136.0 0.36
179 370 610.0 3 6353.0 4656.0 1.86
180 370 610.0 3 1565.0 5246.0 1.21
181 372 612.0 3 9220.0 2440.0 0.5
182 373 613.0 3 7569.0 5683.0 0.35
183 378 618.0 3 9281.0 2324.0 0.58
184 378 618.0 3 1330.0 9311.0 0.35
185 388 628.0 3 6677.0 9789.0 0.69
186 389 629.0 3 1672.0 1277.0 0.52
187 390 630.0 3 1932.0 1769.0 1.29
188 390 630.0 3 7230.0 9373.0 0.79
189 395 635.0 3 9308.0 7719.0 1.87
190 398 638.0 3 9739.0 9390.0 0.33
191 399 639.0 3 3459.0 9846.0 1.29
192 399 639.0 3 5505.0 7105.0 1.1
193 399 639.0 3 7272.0 9813.0 0.37
194 400 640.0 3 190.0 3874.0 1.41
195 401 641.0 3 6346.0 3211.0 1.3
196 406 646.0 3 9339.0 8675.0 1.17
197 408 648.0 3 8646.0 424.0 1.14
198 412 652.0 3 1285.0 4739.0 1.34
199 413 653.0 3 1714.0 5308.0 1.1
200 414 654.0 3 3315.0 809.0 0.59
0 0 540 30 5000 5000 0
Num_drones 12
