Drone_data                      
          q_d       2.3     [Kg]
            W       1.5     [Kg]
            m       1.5     [Kg]
            g      9.81   [N/Kg]
        rho_d     1.204 [Kg/m^3]
         xi_d    0.0064    [m^2]
          h_d         6         
KWh_conv_fact  0.000017         
      ce_unit       306  [â‚¬/KWh]

Battery_data                      
             E_min  10.00  percent
             E_max 100.00  percent
           under_E  10.00  percent
max_energy_density   0.27 [KWh/Kg]
 minutes_conv_fact   0.60         
    charging power   0.90  [KW/Kg]
           omega_0   0.00         
               rho  20.00  minutes

Customers_data 
id t l_i st_i x_i y_i q_i
1 0 240.0 3 6000.0 889.0 0.45
2 5 245.0 3 4770.0 5810.0 1.0
3 5 245.0 3 1974.0 3514.0 0.33
4 10 250.0 3 7212.0 4253.0 0.99
5 11 251.0 3 2189.0 9293.0 0.32
6 11 251.0 3 2726.0 6906.0 1.35
7 12 252.0 3 2961.0 4549.0 0.97
8 12 252.0 3 7669.0 3526.0 1.27
9 13 253.0 3 3111.0 4140.0 1.94
10 14 254.0 3 2603.0 3828.0 0.88
11 15 255.0 3 2204.0 1018.0 1.3
12 18 258.0 3 7058.0 5130.0 1.79
13 19 259.0 3 4563.0 9620.0 1.78
14 19 259.0 3 5185.0 6362.0 1.0
15 20 260.0 3 1984.0 1926.0 0.3
16 21 261.0 3 5790.0 6991.0 0.79
17 30 270.0 3 3403.0 5565.0 1.43
18 30 270.0 3 7140.0 6082.0 1.52
19 32 272.0 3 2866.0 5761.0 0.58
20 34 274.0 3 1301.0 6002.0 1.19
21 38 278.0 3 5952.0 5345.0 0.97
22 38 278.0 3 3339.0 451.0 0.32
23 43 283.0 3 5726.0 6072.0 0.67
24 49 289.0 3 9256.0 1340.0 0.69
25 53 293.0 3 4203.0 7462.0 1.84
26 55 295.0 3 1505.0 6487.0 0.81
27 55 295.0 3 7781.0 7766.0 0.68
28 58 298.0 3 2320.0 1174.0 1.29
29 61 301.0 3 3310.0 4985.0 1.34
30 63 303.0 3 7928.0 1967.0 1.45
31 64 304.0 3 4300.0 6359.0 1.36
32 70 310.0 3 3912.0 2099.0 1.55
33 71 311.0 3 4461.0 1752.0 1.3
34 72 312.0 3 4175.0 7498.0 1.14
35 72 312.0 3 9174.0 8966.0 0.35
36 74 314.0 3 2924.0 1925.0 0.33
37 75 315.0 3 4826.0 4816.0 0.8
38 78 318.0 3 4072.0 3270.0 1.25
39 85 325.0 3 6789.0 9402.0 0.48
40 85 325.0 3 5894.0 2329.0 1.98
41 86 326.0 3 6223.0 5202.0 0.41
42 90 330.0 3 5969.0 1918.0 1.47
43 91 331.0 3 5705.0 4353.0 1.78
44 93 333.0 3 4473.0 5412.0 1.29
45 96 336.0 3 3415.0 6058.0 1.64
46 98 338.0 3 7356.0 3330.0 0.7
47 100 340.0 3 2328.0 7900.0 0.57
48 104 344.0 3 2551.0 6319.0 0.48
49 105 345.0 3 5483.0 7186.0 1.62
50 111 351.0 3 3772.0 6316.0 1.05
51 112 352.0 3 8134.0 6721.0 0.61
52 113 353.0 3 4370.0 1793.0 1.3
53 115 355.0 3 4625.0 5153.0 1.54
54 116 356.0 3 7427.0 1453.0 1.95
55 117 357.0 3 6770.0 6373.0 0.73
56 120 360.0 3 1704.0 6582.0 0.97
57 121 361.0 3 4405.0 659.0 0.73
58 121 361.0 3 2794.0 5268.0 1.39
59 125 365.0 3 8335.0 7732.0 1.87
60 126 366.0 3 6183.0 7881.0 1.36
61 127 367.0 3 8490.0 5288.0 0.64
62 134 374.0 3 6032.0 8719.0 1.45
63 135 375.0 3 1341.0 6434.0 0.61
64 136 376.0 3 4096.0 1506.0 1.02
65 137 377.0 3 3681.0 7216.0 1.53
66 141 381.0 3 3107.0 8287.0 1.67
67 144 384.0 3 4931.0 4455.0 1.46
68 147 387.0 3 2936.0 1672.0 0.76
69 147 387.0 3 5269.0 5213.0 1.81
70 150 390.0 3 6094.0 653.0 1.35
71 152 392.0 3 3623.0 1513.0 1.71
72 160 400.0 3 6162.0 1177.0 1.24
73 162 402.0 3 7453.0 7752.0 0.39
74 164 404.0 3 8609.0 3300.0 0.85
75 167 407.0 3 9145.0 6785.0 0.78
76 167 407.0 3 4303.0 809.0 0.69
77 169 409.0 3 8609.0 9638.0 0.66
78 172 412.0 3 7741.0 6392.0 1.25
79 173 413.0 3 5769.0 885.0 1.33
80 175 415.0 3 6537.0 3389.0 1.59
81 176 416.0 3 909.0 5935.0 1.96
82 176 416.0 3 3749.0 7452.0 1.58
83 178 418.0 3 9122.0 6938.0 1.27
84 181 421.0 3 8011.0 8124.0 1.12
85 184 424.0 3 3852.0 4198.0 0.39
86 185 425.0 3 9142.0 7041.0 0.62
87 185 425.0 3 5367.0 8000.0 0.77
88 189 429.0 3 7102.0 9453.0 0.96
89 191 431.0 3 6838.0 3321.0 1.46
90 193 433.0 3 2465.0 8954.0 0.33
91 196 436.0 3 4538.0 4676.0 1.78
92 197 437.0 3 8119.0 5673.0 1.55
93 197 437.0 3 7427.0 4976.0 1.16
94 203 443.0 3 8115.0 4234.0 0.67
95 203 443.0 3 9193.0 6141.0 0.8
96 206 446.0 3 6802.0 5307.0 0.48
97 208 448.0 3 1811.0 4485.0 0.36
98 208 448.0 3 4463.0 8546.0 0.54
99 209 449.0 3 8761.0 7428.0 1.61
100 210 450.0 3 8039.0 6052.0 0.52
101 213 453.0 3 1996.0 2095.0 0.72
102 213 453.0 3 7747.0 7412.0 0.82
103 219 459.0 3 3370.0 2807.0 1.35
104 222 462.0 3 3203.0 3114.0 0.3
105 223 463.0 3 6911.0 2800.0 1.75
106 227 467.0 3 1581.0 5876.0 1.1
107 228 468.0 3 10011.0 4316.0 1.32
108 229 469.0 3 -84.0 3406.0 0.83
109 235 475.0 3 8256.0 5159.0 0.71
110 236 476.0 3 8294.0 5300.0 0.5
111 236 476.0 3 2260.0 5223.0 0.54
112 245 485.0 3 3467.0 2170.0 0.87
113 246 486.0 3 8786.0 6299.0 1.98
114 248 488.0 3 3940.0 3868.0 1.44
115 250 490.0 3 5442.0 8200.0 1.51
116 250 490.0 3 3709.0 3021.0 0.31
117 250 490.0 3 1691.0 5377.0 0.77
118 251 491.0 3 8616.0 6306.0 0.47
119 251 491.0 3 6224.0 697.0 1.43
120 254 494.0 3 4938.0 4770.0 1.43
121 256 496.0 3 957.0 5906.0 1.38
122 256 496.0 3 3764.0 8037.0 1.87
123 258 498.0 3 8513.0 2428.0 0.83
124 260 500.0 3 6932.0 3075.0 1.06
125 261 501.0 3 1741.0 4643.0 0.37
126 262 502.0 3 7620.0 8746.0 1.39
127 262 502.0 3 8734.0 3585.0 1.97
128 263 503.0 3 345.0 1781.0 1.07
129 266 506.0 3 5577.0 5572.0 1.72
130 280 520.0 3 6541.0 7565.0 1.75
131 283 523.0 3 4713.0 9297.0 0.86
132 284 524.0 3 5204.0 3793.0 0.93
133 285 525.0 3 3376.0 5366.0 0.82
134 285 525.0 3 7465.0 2564.0 1.56
135 285 525.0 3 4857.0 7345.0 0.87
136 290 530.0 3 -28.0 3625.0 0.35
137 290 530.0 3 6337.0 6664.0 1.6
138 292 532.0 3 7590.0 7481.0 1.37
139 293 533.0 3 3274.0 8568.0 1.05
140 293 533.0 3 11464.0 6553.0 0.51
141 294 534.0 3 5499.0 4364.0 0.42
142 294 534.0 3 8535.0 4919.0 1.81
143 298 538.0 3 4511.0 1996.0 1.28
144 299 539.0 3 5265.0 4488.0 0.86
145 299 539.0 3 1038.0 4807.0 0.87
146 299 539.0 3 2844.0 2295.0 0.67
147 300 540.0 3 7499.0 6723.0 1.79
148 301 541.0 3 4670.0 5878.0 0.44
149 301 541.0 3 3874.0 3503.0 1.32
150 301 541.0 3 4707.0 6946.0 1.99
151 304 544.0 3 4713.0 4804.0 1.27
152 314 554.0 3 6739.0 3743.0 0.45
153 315 555.0 3 2426.0 734.0 0.78
154 315 555.0 3 7864.0 7343.0 0.78
155 319 559.0 3 6249.0 8179.0 0.84
156 320 560.0 3 3876.0 3830.0 0.37
157 321 561.0 3 874.0 7786.0 0.75
158 328 568.0 3 7870.0 5668.0 0.65
159 329 569.0 3 7345.0 4205.0 1.87
160 330 570.0 3 4919.0 5781.0 0.81
161 331 571.0 3 6354.0 6657.0 1.95
162 332 572.0 3 8522.0 5509.0 0.96
163 332 572.0 3 5227.0 4586.0 1.49
164 332 572.0 3 4910.0 5174.0 0.85
165 338 578.0 3 5793.0 2728.0 1.58
166 339 579.0 3 1594.0 4665.0 1.41
167 343 583.0 3 302.0 5735.0 0.84
168 346 586.0 3 4956.0 4147.0 1.35
169 347 587.0 3 4572.0 8121.0 1.68
170 351 591.0 3 5170.0 6533.0 1.33
171 353 593.0 3 7153.0 446.0 1.28
172 353 593.0 3 2634.0 5817.0 1.03
173 355 595.0 3 10127.0 5187.0 1.62
174 361 601.0 3 8600.0 4484.0 1.45
175 366 606.0 3 7467.0 4893.0 0.49
176 367 607.0 3 7058.0 4526.0 0.58
177 368 608.0 3 2628.0 -1510.0 0.36
178 371 611.0 3 3824.0 3874.0 1.12
179 372 612.0 3 5339.0 9437.0 1.35
180 373 613.0 3 3891.0 4427.0 1.22
181 373 613.0 3 8359.0 1669.0 1.09
182 375 615.0 3 1940.0 3464.0 1.09
183 380 620.0 3 6015.0 9386.0 1.82
184 381 621.0 3 4116.0 5555.0 1.62
185 383 623.0 3 4428.0 4719.0 0.65
186 384 624.0 3 7558.0 3525.0 0.82
187 386 626.0 3 300.0 5115.0 1.24
188 388 628.0 3 4257.0 5564.0 1.43
189 388 628.0 3 2564.0 2223.0 0.94
190 390 630.0 3 7372.0 7585.0 1.47
191 394 634.0 3 4052.0 8402.0 1.23
192 396 636.0 3 2006.0 6628.0 1.41
193 404 644.0 3 6356.0 1231.0 1.65
194 407 647.0 3 5403.0 3093.0 0.68
195 411 651.0 3 4847.0 3950.0 1.66
196 413 653.0 3 3768.0 8450.0 1.69
197 416 656.0 3 5134.0 3461.0 0.57
198 417 657.0 3 3656.0 1935.0 0.55
199 419 659.0 3 5774.0 4583.0 1.57
200 419 659.0 3 5622.0 1891.0 1.87
0 0 540 30 5000 5000 0
Num_drones 12
