Drone_data                      
          q_d       2.3     [Kg]
            W       1.5     [Kg]
            m       1.5     [Kg]
            g      9.81   [N/Kg]
        rho_d     1.204 [Kg/m^3]
         xi_d    0.0064    [m^2]
          h_d         6         
KWh_conv_fact  0.000017         
      ce_unit       306  [â‚¬/KWh]

Battery_data                      
             E_min  10.00  percent
             E_max 100.00  percent
           under_E  10.00  percent
max_energy_density   0.27 [KWh/Kg]
 minutes_conv_fact   0.60         
    charging power   0.90  [KW/Kg]
           omega_0   0.00         
               rho  20.00  minutes

Customers_data 
id t l_i st_i x_i y_i q_i
1 2 242.0 3 4135.0 4412.0 0.41
2 3 243.0 3 7053.0 2177.0 0.37
3 4 244.0 3 4376.0 4078.0 0.36
4 6 246.0 3 5240.0 6353.0 0.43
5 7 247.0 3 3378.0 4833.0 1.2
6 9 249.0 3 3126.0 7354.0 1.77
7 10 250.0 3 4198.0 4839.0 1.23
8 12 252.0 3 6925.0 2240.0 0.78
9 14 254.0 3 4198.0 3802.0 1.77
10 14 254.0 3 3375.0 7378.0 0.88
11 17 257.0 3 2281.0 7081.0 1.9
12 20 260.0 3 7341.0 5478.0 0.32
13 26 266.0 3 3113.0 6312.0 1.91
14 28 268.0 3 2833.0 4088.0 1.23
15 29 269.0 3 8441.0 6126.0 0.82
16 29 269.0 3 6300.0 3837.0 0.86
17 30 270.0 3 2350.0 7792.0 1.32
18 31 271.0 3 5101.0 8519.0 0.6
19 32 272.0 3 6553.0 4677.0 1.43
20 35 275.0 3 1923.0 8408.0 0.62
21 37 277.0 3 8937.0 4539.0 1.28
22 42 282.0 3 4181.0 8353.0 0.81
23 44 284.0 3 490.0 7562.0 0.87
24 46 286.0 3 3306.0 1884.0 1.1
25 48 288.0 3 4741.0 3281.0 0.44
26 50 290.0 3 2678.0 5647.0 1.04
27 54 294.0 3 1162.0 3807.0 1.25
28 55 295.0 3 1581.0 818.0 1.06
29 58 298.0 3 4481.0 4452.0 1.69
30 64 304.0 3 5805.0 5170.0 0.33
31 66 306.0 3 6277.0 11250.0 0.81
32 67 307.0 3 4660.0 6089.0 1.23
33 70 310.0 3 2271.0 3332.0 1.87
34 74 314.0 3 2514.0 8428.0 1.36
35 75 315.0 3 6337.0 3614.0 0.8
36 81 321.0 3 4417.0 1212.0 1.69
37 82 322.0 3 6536.0 4903.0 1.34
38 84 324.0 3 4016.0 9380.0 1.37
39 88 328.0 3 5094.0 4262.0 0.82
40 90 330.0 3 5003.0 2563.0 0.38
41 92 332.0 3 3891.0 7828.0 0.65
42 97 337.0 3 475.0 3829.0 0.48
43 98 338.0 3 6768.0 3300.0 0.51
44 99 339.0 3 7352.0 7540.0 0.65
45 104 344.0 3 6376.0 1564.0 1.74
46 105 345.0 3 4811.0 8218.0 1.86
47 108 348.0 3 4752.0 5162.0 0.44
48 109 349.0 3 7503.0 2871.0 0.74
49 118 358.0 3 7715.0 3089.0 1.62
50 119 359.0 3 10554.0 4660.0 1.52
51 120 360.0 3 5453.0 6723.0 1.94
52 121 361.0 3 7130.0 5088.0 0.58
53 122 362.0 3 3762.0 7706.0 1.32
54 125 365.0 3 7309.0 9831.0 0.37
55 128 368.0 3 486.0 3734.0 0.97
56 128 368.0 3 5916.0 2424.0 1.72
57 132 372.0 3 8087.0 3464.0 1.69
58 134 374.0 3 2742.0 6089.0 1.63
59 138 378.0 3 8839.0 7921.0 1.93
60 140 380.0 3 6437.0 8102.0 1.75
61 143 383.0 3 7303.0 346.0 0.36
62 145 385.0 3 4218.0 5383.0 1.44
63 147 387.0 3 9548.0 1736.0 0.45
64 147 387.0 3 1366.0 4829.0 0.94
65 150 390.0 3 3323.0 1775.0 0.59
66 152 392.0 3 3959.0 5666.0 1.15
67 156 396.0 3 3531.0 6059.0 1.2
68 158 398.0 3 2091.0 -145.0 1.04
69 160 400.0 3 7551.0 2651.0 1.38
70 161 401.0 3 4851.0 7081.0 0.54
71 163 403.0 3 3428.0 2672.0 1.74
72 164 404.0 3 5258.0 6954.0 1.95
73 166 406.0 3 3055.0 7114.0 1.04
74 168 408.0 3 9496.0 2828.0 0.88
75 169 409.0 3 -1492.0 5677.0 0.54
76 169 409.0 3 4353.0 4342.0 1.23
77 172 412.0 3 3036.0 3480.0 1.44
78 178 418.0 3 8367.0 6244.0 1.08
79 179 419.0 3 3929.0 10101.0 1.48
80 181 421.0 3 7395.0 4361.0 1.44
81 183 423.0 3 3196.0 6022.0 0.82
82 184 424.0 3 4689.0 6762.0 0.75
83 187 427.0 3 3468.0 5661.0 0.37
84 187 427.0 3 5008.0 5523.0 1.0
85 188 428.0 3 2599.0 3505.0 1.49
86 188 428.0 3 7403.0 2424.0 0.34
87 193 433.0 3 4610.0 6958.0 0.62
88 194 434.0 3 6053.0 4866.0 1.19
89 195 435.0 3 3948.0 5188.0 0.89
90 197 437.0 3 752.0 7040.0 1.87
91 197 437.0 3 3487.0 1225.0 0.93
92 201 441.0 3 118.0 1740.0 0.34
93 202 442.0 3 2574.0 3291.0 1.15
94 206 446.0 3 657.0 3917.0 0.39
95 209 449.0 3 1935.0 9719.0 0.69
96 211 451.0 3 8082.0 6740.0 0.76
97 211 451.0 3 3319.0 7771.0 1.85
98 212 452.0 3 7752.0 7478.0 0.95
99 212 452.0 3 4809.0 2928.0 1.54
100 215 455.0 3 1396.0 2352.0 1.56
101 216 456.0 3 8668.0 6956.0 0.57
102 217 457.0 3 2021.0 2162.0 1.14
103 222 462.0 3 5354.0 5096.0 1.94
104 227 467.0 3 2349.0 5193.0 0.71
105 227 467.0 3 4981.0 1209.0 0.66
106 228 468.0 3 6890.0 3086.0 0.71
107 229 469.0 3 5220.0 6526.0 1.1
108 230 470.0 3 4377.0 8984.0 0.97
109 231 471.0 3 4861.0 8349.0 1.95
110 232 472.0 3 7074.0 7552.0 0.74
111 233 473.0 3 2817.0 9951.0 0.33
112 233 473.0 3 2532.0 8117.0 1.36
113 233 473.0 3 7075.0 9474.0 1.92
114 236 476.0 3 5864.0 6226.0 0.78
115 236 476.0 3 7629.0 5878.0 0.39
116 238 478.0 3 5069.0 3536.0 0.33
117 243 483.0 3 4738.0 8341.0 0.65
118 245 485.0 3 9673.0 8635.0 0.41
119 251 491.0 3 4680.0 5542.0 1.41
120 253 493.0 3 4754.0 8316.0 0.4
121 255 495.0 3 1374.0 5074.0 1.68
122 256 496.0 3 4413.0 5991.0 1.95
123 258 498.0 3 7578.0 3750.0 1.98
124 258 498.0 3 4046.0 2442.0 1.52
125 258 498.0 3 1079.0 2091.0 0.91
126 260 500.0 3 5076.0 10506.0 1.15
127 261 501.0 3 8523.0 7590.0 0.32
128 263 503.0 3 5580.0 6567.0 1.61
129 271 511.0 3 7351.0 8149.0 1.76
130 274 514.0 3 304.0 4217.0 1.21
131 277 517.0 3 7885.0 5002.0 1.98
132 278 518.0 3 2464.0 4417.0 0.32
133 278 518.0 3 6386.0 -647.0 0.5
134 278 518.0 3 4223.0 6233.0 0.42
135 280 520.0 3 4497.0 1317.0 1.59
136 281 521.0 3 6719.0 4702.0 1.0
137 283 523.0 3 3656.0 9709.0 0.72
138 285 525.0 3 6153.0 8141.0 0.87
139 288 528.0 3 1434.0 5382.0 0.65
140 288 528.0 3 6396.0 2892.0 0.66
141 289 529.0 3 3169.0 3065.0 1.38
142 290 530.0 3 4014.0 8818.0 1.57
143 292 532.0 3 5888.0 4173.0 0.34
144 295 535.0 3 4150.0 5537.0 0.81
145 296 536.0 3 4090.0 6656.0 0.83
146 299 539.0 3 2623.0 5247.0 1.86
147 300 540.0 3 3061.0 9769.0 1.61
148 302 542.0 3 5120.0 6048.0 0.92
149 306 546.0 3 4025.0 6410.0 0.41
150 308 548.0 3 5337.0 4221.0 1.28
151 311 551.0 3 6653.0 4552.0 1.68
152 311 551.0 3 5065.0 9814.0 0.81
153 313 553.0 3 4713.0 2587.0 1.95
154 318 558.0 3 5522.0 4021.0 1.42
155 319 559.0 3 3235.0 2954.0 0.32
156 321 561.0 3 4103.0 1573.0 1.36
157 321 561.0 3 4735.0 5788.0 0.63
158 323 563.0 3 2204.0 5255.0 0.5
159 326 566.0 3 9102.0 6364.0 0.86
160 329 569.0 3 7124.0 3666.0 0.3
161 332 572.0 3 7652.0 3738.0 0.74
162 332 572.0 3 6859.0 2068.0 1.9
163 332 572.0 3 3654.0 5981.0 1.1
164 336 576.0 3 8615.0 6757.0 1.07
165 339 579.0 3 242.0 4881.0 0.58
166 339 579.0 3 -66.0 6207.0 0.79
167 339 579.0 3 9077.0 4953.0 0.84
168 341 581.0 3 7279.0 5000.0 1.62
169 342 582.0 3 6715.0 3709.0 1.06
170 344 584.0 3 3937.0 3458.0 1.89
171 347 587.0 3 1518.0 3560.0 1.35
172 348 588.0 3 4874.0 8726.0 1.77
173 348 588.0 3 2255.0 7762.0 1.1
174 354 594.0 3 4792.0 6269.0 1.43
175 358 598.0 3 5086.0 4638.0 1.0
176 362 602.0 3 7736.0 4864.0 0.56
177 362 602.0 3 7716.0 8362.0 0.36
178 365 605.0 3 3224.0 3073.0 1.54
179 367 607.0 3 3174.0 2106.0 1.28
180 373 613.0 3 3464.0 5571.0 1.91
181 374 614.0 3 4786.0 11791.0 0.57
182 375 615.0 3 6352.0 3819.0 1.43
183 375 615.0 3 4220.0 1494.0 0.7
184 377 617.0 3 5429.0 3523.0 1.81
185 381 621.0 3 4125.0 4557.0 1.19
186 386 626.0 3 2632.0 7707.0 1.23
187 388 628.0 3 3010.0 4883.0 1.12
188 390 630.0 3 9675.0 3637.0 0.65
189 394 634.0 3 4077.0 6191.0 0.38
190 396 636.0 3 8935.0 7179.0 1.78
191 396 636.0 3 760.0 5233.0 0.78
192 398 638.0 3 7671.0 6125.0 1.99
193 401 641.0 3 4492.0 10517.0 1.06
194 405 645.0 3 3081.0 6637.0 1.95
195 411 651.0 3 3075.0 3540.0 1.56
196 411 651.0 3 7832.0 7382.0 1.14
197 413 653.0 3 765.0 5334.0 0.87
198 414 654.0 3 6973.0 3660.0 0.48
199 415 655.0 3 3027.0 4325.0 1.97
200 418 658.0 3 4879.0 7112.0 1.14
0 0 540 30 5000 5000 0
Num_drones 12
