Drone_data                      
          q_d       2.3     [Kg]
            W       1.5     [Kg]
            m       1.5     [Kg]
            g      9.81   [N/Kg]
        rho_d     1.204 [Kg/m^3]
         xi_d    0.0064    [m^2]
          h_d         6         
KWh_conv_fact  0.000017         
      ce_unit       306  [â‚¬/KWh]

Battery_data                      
             E_min  10.00  percent
             E_max 100.00  percent
           under_E  10.00  percent
max_energy_density   0.27 [KWh/Kg]
 minutes_conv_fact   0.60         
    charging power   0.90  [KW/Kg]
           omega_0   0.00         
               rho  20.00  minutes

Customers_data 
id t l_i st_i x_i y_i q_i
1 0 240.0 3 6062.0 3113.0 1.52
2 0 240.0 3 6478.0 8226.0 1.39
3 1 241.0 3 2988.0 3089.0 0.72
4 3 243.0 3 6329.0 4318.0 1.96
5 6 246.0 3 2935.0 4517.0 0.74
6 12 252.0 3 1116.0 7294.0 1.08
7 18 258.0 3 5310.0 2717.0 0.34
8 22 262.0 3 6865.0 5034.0 0.51
9 25 265.0 3 7366.0 5300.0 1.86
10 26 266.0 3 4878.0 5717.0 0.83
11 27 267.0 3 9372.0 1405.0 0.49
12 29 269.0 3 5620.0 2592.0 1.65
13 33 273.0 3 6193.0 7638.0 1.72
14 38 278.0 3 7348.0 6246.0 0.91
15 39 279.0 3 6309.0 2818.0 1.31
16 40 280.0 3 4477.0 2621.0 1.85
17 44 284.0 3 7526.0 4905.0 1.87
18 47 287.0 3 8150.0 4625.0 1.57
19 48 288.0 3 7670.0 4657.0 1.54
20 51 291.0 3 6951.0 2836.0 1.98
21 52 292.0 3 4368.0 6939.0 1.67
22 53 293.0 3 5462.0 4732.0 1.21
23 53 293.0 3 4654.0 9612.0 0.75
24 55 295.0 3 8500.0 4839.0 0.99
25 57 297.0 3 6364.0 4156.0 1.72
26 60 300.0 3 4246.0 7827.0 1.05
27 62 302.0 3 8157.0 1285.0 0.7
28 63 303.0 3 5330.0 2004.0 1.03
29 65 305.0 3 5013.0 5003.0 1.52
30 65 305.0 3 8520.0 5021.0 0.76
31 66 306.0 3 4151.0 5619.0 0.82
32 75 315.0 3 4213.0 7701.0 1.3
33 81 321.0 3 7331.0 7592.0 1.04
34 87 327.0 3 4602.0 4890.0 0.84
35 91 331.0 3 3905.0 5486.0 0.96
36 93 333.0 3 1385.0 4996.0 1.37
37 97 337.0 3 5269.0 2621.0 1.21
38 98 338.0 3 1586.0 1399.0 1.85
39 99 339.0 3 4618.0 6846.0 1.94
40 104 344.0 3 3764.0 4595.0 1.59
41 104 344.0 3 5948.0 5695.0 1.11
42 105 345.0 3 5013.0 2381.0 1.01
43 110 350.0 3 3622.0 3893.0 1.33
44 110 350.0 3 2329.0 3374.0 1.62
45 114 354.0 3 9488.0 7314.0 1.61
46 118 358.0 3 4625.0 372.0 1.02
47 118 358.0 3 5927.0 5541.0 2.0
48 120 360.0 3 3288.0 7989.0 1.44
49 120 360.0 3 3753.0 3334.0 1.3
50 122 362.0 3 4899.0 6601.0 1.28
51 124 364.0 3 7525.0 4495.0 1.11
52 126 366.0 3 5105.0 5980.0 1.04
53 127 367.0 3 2976.0 1546.0 0.76
54 128 368.0 3 3921.0 4179.0 1.86
55 128 368.0 3 3503.0 3208.0 0.75
56 132 372.0 3 5112.0 5485.0 1.62
57 137 377.0 3 4215.0 5076.0 0.31
58 143 383.0 3 2570.0 5622.0 1.04
59 147 387.0 3 2415.0 6074.0 1.15
60 147 387.0 3 3287.0 7210.0 0.32
61 150 390.0 3 2859.0 5930.0 0.76
62 154 394.0 3 791.0 7115.0 0.54
63 155 395.0 3 4894.0 4553.0 1.41
64 155 395.0 3 7276.0 2323.0 1.75
65 155 395.0 3 2190.0 4472.0 1.3
66 158 398.0 3 4230.0 2692.0 0.98
67 160 400.0 3 4173.0 2434.0 1.69
68 161 401.0 3 6603.0 5780.0 1.67
69 162 402.0 3 4537.0 1060.0 0.52
70 163 403.0 3 6439.0 5858.0 1.62
71 163 403.0 3 8199.0 2273.0 1.55
72 164 404.0 3 4316.0 5960.0 0.85
73 164 404.0 3 4530.0 3304.0 1.06
74 167 407.0 3 3706.0 3560.0 0.49
75 168 408.0 3 4806.0 3719.0 1.91
76 174 414.0 3 10006.0 4172.0 0.57
77 178 418.0 3 5057.0 5892.0 1.69
78 178 418.0 3 1034.0 2378.0 0.58
79 178 418.0 3 4459.0 4524.0 1.65
80 180 420.0 3 3928.0 4449.0 0.8
81 181 421.0 3 5772.0 1624.0 1.09
82 182 422.0 3 4174.0 5091.0 1.58
83 184 424.0 3 6046.0 7180.0 1.37
84 188 428.0 3 3462.0 482.0 1.37
85 188 428.0 3 6994.0 5791.0 1.82
86 191 431.0 3 5066.0 -837.0 0.38
87 192 432.0 3 6414.0 9511.0 1.6
88 193 433.0 3 4214.0 -1554.0 0.47
89 194 434.0 3 7664.0 1921.0 0.97
90 194 434.0 3 9482.0 8170.0 0.38
91 194 434.0 3 2942.0 3613.0 1.55
92 202 442.0 3 1758.0 9854.0 1.25
93 203 443.0 3 5014.0 5188.0 1.15
94 203 443.0 3 4636.0 2494.0 0.76
95 204 444.0 3 6143.0 5063.0 1.17
96 208 448.0 3 4687.0 6164.0 0.55
97 210 450.0 3 5493.0 4166.0 1.09
98 215 455.0 3 5299.0 8742.0 1.32
99 219 459.0 3 3043.0 3377.0 1.79
100 221 461.0 3 4097.0 647.0 1.79
101 222 462.0 3 7378.0 5358.0 1.29
102 223 463.0 3 3026.0 5787.0 0.79
103 229 469.0 3 2796.0 3835.0 1.95
104 232 472.0 3 5135.0 5357.0 1.38
105 233 473.0 3 7011.0 4686.0 1.29
106 235 475.0 3 2711.0 3532.0 0.41
107 239 479.0 3 9040.0 4044.0 0.34
108 241 481.0 3 7994.0 2957.0 1.73
109 243 483.0 3 5507.0 7599.0 1.39
110 248 488.0 3 2746.0 1950.0 0.45
111 249 489.0 3 3166.0 5250.0 1.5
112 253 493.0 3 1812.0 9176.0 1.62
113 253 493.0 3 3321.0 4381.0 1.57
114 254 494.0 3 7869.0 5286.0 1.8
115 254 494.0 3 7168.0 6306.0 0.39
116 255 495.0 3 7564.0 3204.0 0.53
117 255 495.0 3 6322.0 5182.0 1.33
118 257 497.0 3 657.0 9757.0 0.71
119 257 497.0 3 5072.0 4967.0 1.29
120 257 497.0 3 7189.0 9981.0 1.23
121 259 499.0 3 6200.0 3159.0 1.92
122 265 505.0 3 5549.0 3275.0 0.62
123 266 506.0 3 5894.0 1581.0 0.42
124 268 508.0 3 7312.0 5083.0 0.62
125 269 509.0 3 3536.0 3873.0 1.25
126 271 511.0 3 8149.0 5265.0 1.99
127 273 513.0 3 5825.0 4139.0 0.77
128 275 515.0 3 1984.0 6328.0 1.79
129 276 516.0 3 3854.0 7566.0 0.5
130 280 520.0 3 3470.0 3842.0 1.69
131 282 522.0 3 2489.0 2229.0 1.01
132 286 526.0 3 3675.0 5568.0 2.0
133 287 527.0 3 5769.0 3832.0 0.67
134 292 532.0 3 6404.0 4700.0 1.94
135 294 534.0 3 8771.0 4179.0 1.79
136 297 537.0 3 6561.0 1216.0 1.62
137 301 541.0 3 1424.0 2815.0 1.42
138 304 544.0 3 7767.0 9149.0 1.91
139 304 544.0 3 5502.0 8088.0 0.88
140 305 545.0 3 5718.0 5257.0 1.91
141 308 548.0 3 3123.0 6188.0 0.84
142 310 550.0 3 2357.0 6437.0 1.48
143 310 550.0 3 5739.0 7979.0 1.48
144 314 554.0 3 7190.0 3725.0 0.35
145 315 555.0 3 617.0 4122.0 1.57
146 317 557.0 3 6707.0 6424.0 0.65
147 321 561.0 3 4818.0 4655.0 1.84
148 324 564.0 3 1308.0 5363.0 0.71
149 324 564.0 3 3181.0 4406.0 0.77
150 327 567.0 3 743.0 4650.0 0.39
151 327 567.0 3 5576.0 2086.0 1.62
152 328 568.0 3 6024.0 8254.0 1.16
153 328 568.0 3 10384.0 2884.0 0.5
154 328 568.0 3 7138.0 1836.0 1.16
155 328 568.0 3 5953.0 5122.0 1.71
156 337 577.0 3 3266.0 4966.0 0.3
157 338 578.0 3 4222.0 5824.0 1.76
158 338 578.0 3 7006.0 5292.0 0.92
159 341 581.0 3 8807.0 7943.0 0.64
160 347 587.0 3 4485.0 4228.0 1.66
161 350 590.0 3 6089.0 3937.0 1.4
162 352 592.0 3 3561.0 5512.0 1.21
163 360 600.0 3 2551.0 4700.0 1.28
164 361 601.0 3 4458.0 3208.0 1.55
165 365 605.0 3 2091.0 2422.0 1.8
166 366 606.0 3 2251.0 5236.0 0.75
167 367 607.0 3 5489.0 1062.0 1.69
168 367 607.0 3 6611.0 2450.0 1.11
169 368 608.0 3 9186.0 5273.0 1.86
170 368 608.0 3 5054.0 2822.0 1.43
171 370 610.0 3 4475.0 5847.0 1.01
172 376 616.0 3 6913.0 5539.0 1.9
173 381 621.0 3 5365.0 5473.0 1.08
174 382 622.0 3 1817.0 8131.0 0.9
175 383 623.0 3 1754.0 3499.0 0.36
176 383 623.0 3 7991.0 3824.0 1.15
177 384 624.0 3 10068.0 4973.0 0.57
178 385 625.0 3 5438.0 5039.0 1.74
179 386 626.0 3 5155.0 9702.0 0.56
180 390 630.0 3 7418.0 2992.0 0.64
181 395 635.0 3 4621.0 9689.0 0.82
182 396 636.0 3 3124.0 9804.0 1.22
183 397 637.0 3 6891.0 1757.0 0.42
184 397 637.0 3 2778.0 5162.0 0.84
185 399 639.0 3 1937.0 5227.0 1.64
186 399 639.0 3 3965.0 6672.0 1.75
187 399 639.0 3 4370.0 3441.0 1.24
188 399 639.0 3 7365.0 4687.0 0.81
189 400 640.0 3 6379.0 5789.0 1.12
190 401 641.0 3 4408.0 3548.0 0.49
191 403 643.0 3 5551.0 2839.0 1.48
192 404 644.0 3 6562.0 5658.0 0.72
193 405 645.0 3 4801.0 7553.0 0.52
194 408 648.0 3 8199.0 7643.0 1.14
195 411 651.0 3 6923.0 3174.0 0.3
196 413 653.0 3 6329.0 9426.0 1.15
197 413 653.0 3 3492.0 5150.0 0.71
198 414 654.0 3 5756.0 4215.0 0.35
199 414 654.0 3 575.0 2041.0 1.53
200 418 658.0 3 6502.0 5596.0 1.0
0 0 540 30 5000 5000 0
Num_drones 12
