Drone_data                      
          q_d       2.3     [Kg]
            W       1.5     [Kg]
            m       1.5     [Kg]
            g      9.81   [N/Kg]
        rho_d     1.204 [Kg/m^3]
         xi_d    0.0064    [m^2]
          h_d         6         
KWh_conv_fact  0.000017         
      ce_unit       306  [â‚¬/KWh]

Battery_data                      
             E_min  10.00  percent
             E_max 100.00  percent
           under_E  10.00  percent
max_energy_density   0.27 [KWh/Kg]
 minutes_conv_fact   0.60         
    charging power   0.90  [KW/Kg]
           omega_0   0.00         
               rho  20.00  minutes

Customers_data 
id t l_i st_i x_i y_i q_i
1 6 246.0 3 5186.0 4719.0 1.86
2 8 248.0 3 2929.0 5069.0 0.49
3 9 249.0 3 1943.0 407.0 1.12
4 16 256.0 3 4186.0 8450.0 1.06
5 16 256.0 3 6691.0 6950.0 0.43
6 17 257.0 3 528.0 8832.0 0.69
7 20 260.0 3 8792.0 6372.0 0.84
8 20 260.0 3 5330.0 3869.0 1.43
9 22 262.0 3 9751.0 2821.0 1.26
10 22 262.0 3 3660.0 5874.0 1.71
11 23 263.0 3 5633.0 5743.0 1.61
12 25 265.0 3 307.0 656.0 0.97
13 26 266.0 3 1807.0 8545.0 1.96
14 26 266.0 3 1227.0 7225.0 1.03
15 33 273.0 3 8975.0 8799.0 0.97
16 34 274.0 3 2755.0 1622.0 0.53
17 34 274.0 3 4111.0 9521.0 1.22
18 36 276.0 3 2369.0 5687.0 1.63
19 42 282.0 3 5833.0 8667.0 0.41
20 43 283.0 3 9109.0 9182.0 1.15
21 46 286.0 3 9711.0 9271.0 0.91
22 49 289.0 3 3974.0 7704.0 0.3
23 49 289.0 3 7816.0 4799.0 0.33
24 50 290.0 3 6067.0 5337.0 1.54
25 50 290.0 3 9127.0 2134.0 1.65
26 52 292.0 3 4194.0 1142.0 0.52
27 53 293.0 3 7160.0 4276.0 0.9
28 54 294.0 3 3843.0 3310.0 1.48
29 56 296.0 3 1844.0 4138.0 1.56
30 58 298.0 3 7135.0 7968.0 1.63
31 64 304.0 3 675.0 7365.0 1.32
32 67 307.0 3 3404.0 4094.0 1.2
33 67 307.0 3 3823.0 1394.0 1.48
34 67 307.0 3 6297.0 8249.0 1.11
35 68 308.0 3 2870.0 4324.0 0.85
36 72 312.0 3 9953.0 8255.0 0.9
37 75 315.0 3 7423.0 5285.0 0.86
38 75 315.0 3 3006.0 932.0 1.35
39 78 318.0 3 8017.0 5759.0 0.39
40 79 319.0 3 8096.0 7125.0 1.44
41 80 320.0 3 9850.0 4595.0 0.68
42 83 323.0 3 1446.0 3614.0 0.47
43 87 327.0 3 5059.0 9544.0 0.9
44 88 328.0 3 139.0 4943.0 1.88
45 88 328.0 3 931.0 5922.0 1.12
46 88 328.0 3 5860.0 3246.0 1.41
47 90 330.0 3 4454.0 1712.0 1.49
48 93 333.0 3 6087.0 4974.0 1.92
49 94 334.0 3 2004.0 4680.0 1.31
50 95 335.0 3 491.0 84.0 0.71
51 97 337.0 3 5862.0 6174.0 1.03
52 98 338.0 3 5687.0 7902.0 0.51
53 98 338.0 3 9756.0 3305.0 1.62
54 102 342.0 3 4593.0 7929.0 0.39
55 106 346.0 3 8026.0 349.0 0.98
56 106 346.0 3 6269.0 6580.0 1.5
57 109 349.0 3 4530.0 9508.0 1.53
58 109 349.0 3 3050.0 2029.0 0.93
59 109 349.0 3 6580.0 1742.0 0.36
60 110 350.0 3 121.0 4106.0 0.76
61 110 350.0 3 4343.0 6638.0 1.81
62 111 351.0 3 7457.0 5864.0 1.06
63 111 351.0 3 600.0 2776.0 1.81
64 113 353.0 3 2256.0 6919.0 0.52
65 113 353.0 3 6186.0 5079.0 1.72
66 115 355.0 3 7750.0 4300.0 0.7
67 117 357.0 3 3857.0 2846.0 1.02
68 120 360.0 3 5278.0 68.0 1.55
69 123 363.0 3 6534.0 6141.0 0.66
70 123 363.0 3 4678.0 5964.0 0.85
71 125 365.0 3 6560.0 2890.0 0.57
72 131 371.0 3 6447.0 9880.0 1.42
73 131 371.0 3 4463.0 4783.0 1.6
74 132 372.0 3 1204.0 8938.0 0.63
75 133 373.0 3 2632.0 2667.0 1.33
76 136 376.0 3 4604.0 5848.0 0.43
77 136 376.0 3 8387.0 1123.0 0.33
78 137 377.0 3 1955.0 7061.0 1.4
79 152 392.0 3 5018.0 6938.0 1.27
80 155 395.0 3 4510.0 7404.0 1.91
81 156 396.0 3 2689.0 5183.0 0.73
82 159 399.0 3 3123.0 7524.0 1.59
83 163 403.0 3 543.0 2841.0 1.43
84 164 404.0 3 5010.0 3855.0 1.58
85 168 408.0 3 350.0 7021.0 0.96
86 171 411.0 3 3410.0 8463.0 0.84
87 182 422.0 3 1249.0 6050.0 0.37
88 191 431.0 3 4435.0 155.0 0.79
89 192 432.0 3 9064.0 6399.0 1.25
90 193 433.0 3 995.0 6981.0 0.54
91 193 433.0 3 1662.0 7678.0 1.75
92 197 437.0 3 5710.0 4766.0 1.07
93 207 447.0 3 8974.0 3310.0 0.6
94 207 447.0 3 1083.0 1541.0 1.18
95 208 448.0 3 3217.0 2127.0 1.99
96 208 448.0 3 8805.0 1846.0 0.38
97 209 449.0 3 1530.0 3148.0 1.45
98 209 449.0 3 6185.0 8111.0 1.44
99 215 455.0 3 8507.0 3405.0 1.41
100 219 459.0 3 2520.0 3184.0 0.93
101 220 460.0 3 4063.0 7497.0 1.93
102 221 461.0 3 2922.0 5451.0 0.61
103 222 462.0 3 8031.0 973.0 0.68
104 222 462.0 3 8084.0 5835.0 1.07
105 224 464.0 3 1225.0 4863.0 0.97
106 227 467.0 3 1689.0 1574.0 1.37
107 227 467.0 3 1313.0 3287.0 1.62
108 227 467.0 3 9040.0 1950.0 0.64
109 227 467.0 3 5013.0 8746.0 1.29
110 227 467.0 3 8516.0 4777.0 1.86
111 236 476.0 3 7541.0 5220.0 0.56
112 237 477.0 3 9696.0 2037.0 1.5
113 237 477.0 3 9281.0 2046.0 1.28
114 238 478.0 3 5637.0 3949.0 1.79
115 240 480.0 3 3714.0 3980.0 1.57
116 241 481.0 3 3444.0 176.0 0.93
117 241 481.0 3 5667.0 841.0 0.64
118 242 482.0 3 51.0 3427.0 1.04
119 244 484.0 3 3648.0 9265.0 0.68
120 244 484.0 3 5887.0 6840.0 0.49
121 252 492.0 3 4970.0 4564.0 0.85
122 253 493.0 3 5171.0 3375.0 0.48
123 253 493.0 3 7276.0 5603.0 1.78
124 254 494.0 3 3192.0 9156.0 1.02
125 256 496.0 3 6555.0 1516.0 1.88
126 257 497.0 3 5718.0 5568.0 0.75
127 258 498.0 3 169.0 9539.0 0.66
128 259 499.0 3 6673.0 6017.0 0.32
129 262 502.0 3 8768.0 4564.0 1.49
130 262 502.0 3 3893.0 4374.0 1.26
131 262 502.0 3 7910.0 2882.0 0.49
132 263 503.0 3 4632.0 7159.0 1.79
133 263 503.0 3 7958.0 7951.0 0.4
134 266 506.0 3 5864.0 5593.0 1.79
135 272 512.0 3 6203.0 8107.0 0.5
136 272 512.0 3 1924.0 9606.0 1.09
137 282 522.0 3 2094.0 8114.0 1.21
138 284 524.0 3 4991.0 9762.0 1.64
139 285 525.0 3 849.0 7151.0 0.96
140 287 527.0 3 8742.0 9284.0 0.32
141 290 530.0 3 7550.0 2576.0 0.81
142 292 532.0 3 7702.0 4848.0 0.79
143 293 533.0 3 327.0 5513.0 0.57
144 293 533.0 3 8979.0 5987.0 1.68
145 293 533.0 3 4205.0 5933.0 0.66
146 295 535.0 3 3213.0 7288.0 1.83
147 295 535.0 3 1614.0 9503.0 0.93
148 296 536.0 3 3022.0 7691.0 1.76
149 298 538.0 3 8163.0 5800.0 1.58
150 298 538.0 3 3452.0 6670.0 1.16
151 299 539.0 3 9590.0 254.0 0.36
152 299 539.0 3 7489.0 7638.0 1.55
153 299 539.0 3 8288.0 1500.0 1.73
154 302 542.0 3 7934.0 6710.0 1.37
155 303 543.0 3 7266.0 7457.0 1.44
156 305 545.0 3 4117.0 4438.0 1.96
157 305 545.0 3 6230.0 970.0 0.79
158 305 545.0 3 6077.0 1803.0 0.4
159 311 551.0 3 2118.0 3912.0 1.01
160 312 552.0 3 3769.0 3970.0 1.58
161 313 553.0 3 432.0 7372.0 1.31
162 318 558.0 3 1354.0 7110.0 0.6
163 327 567.0 3 5100.0 7462.0 0.66
164 329 569.0 3 3197.0 3089.0 0.41
165 330 570.0 3 4861.0 6837.0 1.23
166 333 573.0 3 3932.0 671.0 0.83
167 336 576.0 3 9445.0 5124.0 1.35
168 339 579.0 3 4605.0 6619.0 0.58
169 341 581.0 3 6501.0 9158.0 0.51
170 343 583.0 3 2911.0 7128.0 0.78
171 346 586.0 3 7662.0 6873.0 0.36
172 346 586.0 3 8891.0 3280.0 1.37
173 348 588.0 3 6659.0 8975.0 1.78
174 348 588.0 3 953.0 7099.0 1.28
175 348 588.0 3 393.0 3876.0 1.07
176 361 601.0 3 7268.0 6863.0 1.05
177 365 605.0 3 4341.0 6369.0 1.55
178 365 605.0 3 163.0 2980.0 0.62
179 367 607.0 3 5424.0 8516.0 0.74
180 367 607.0 3 6591.0 6032.0 1.15
181 367 607.0 3 7283.0 3065.0 1.75
182 370 610.0 3 5654.0 7175.0 1.63
183 372 612.0 3 4307.0 7789.0 1.41
184 372 612.0 3 2945.0 7722.0 1.62
185 377 617.0 3 2952.0 2630.0 0.5
186 378 618.0 3 7004.0 8219.0 0.84
187 382 622.0 3 2341.0 4717.0 0.47
188 385 625.0 3 9859.0 8079.0 0.66
189 390 630.0 3 2073.0 1038.0 0.53
190 392 632.0 3 6251.0 6523.0 1.28
191 394 634.0 3 9994.0 5143.0 0.4
192 395 635.0 3 9555.0 7423.0 1.64
193 395 635.0 3 2339.0 1413.0 1.97
194 399 639.0 3 8244.0 2237.0 1.84
195 400 640.0 3 6745.0 7943.0 1.62
196 409 649.0 3 2936.0 1175.0 1.94
197 411 651.0 3 7367.0 6840.0 0.68
198 415 655.0 3 443.0 5644.0 1.62
199 418 658.0 3 7126.0 6865.0 1.18
200 419 659.0 3 5384.0 4708.0 1.81
0 0 540 30 5000 5000 0
Num_drones 12
