Drone_data                      
          q_d       2.3     [Kg]
            W       1.5     [Kg]
            m       1.5     [Kg]
            g      9.81   [N/Kg]
        rho_d     1.204 [Kg/m^3]
         xi_d    0.0064    [m^2]
          h_d         6         
KWh_conv_fact  0.000017         
      ce_unit       306  [â‚¬/KWh]

Battery_data                      
             E_min  10.00  percent
             E_max 100.00  percent
           under_E  10.00  percent
max_energy_density   0.27 [KWh/Kg]
 minutes_conv_fact   0.60         
    charging power   0.90  [KW/Kg]
           omega_0   0.00         
               rho  20.00  minutes

Customers_data 
id t l_i st_i x_i y_i q_i
1 0 240.0 3 5852.0 5054.0 1.07
2 1 241.0 3 7619.0 5878.0 1.77
3 1 241.0 3 3469.0 4457.0 1.83
4 3 243.0 3 10501.0 4065.0 1.04
5 6 246.0 3 5367.0 4280.0 1.69
6 7 247.0 3 5698.0 5478.0 0.89
7 11 251.0 3 8224.0 7629.0 0.31
8 20 260.0 3 3417.0 5742.0 0.81
9 20 260.0 3 602.0 4118.0 0.95
10 30 270.0 3 3338.0 7887.0 1.38
11 30 270.0 3 3892.0 7310.0 0.3
12 31 271.0 3 3308.0 4865.0 1.97
13 31 271.0 3 2757.0 6197.0 1.17
14 32 272.0 3 6023.0 2843.0 1.33
15 33 273.0 3 7211.0 464.0 1.56
16 34 274.0 3 4147.0 7710.0 1.37
17 39 279.0 3 3751.0 5043.0 1.97
18 41 281.0 3 6706.0 8414.0 0.41
19 41 281.0 3 7334.0 6969.0 1.9
20 43 283.0 3 8316.0 6612.0 0.94
21 44 284.0 3 6893.0 8754.0 1.82
22 46 286.0 3 6455.0 4553.0 1.95
23 50 290.0 3 4927.0 1885.0 1.14
24 51 291.0 3 2852.0 3950.0 1.32
25 53 293.0 3 6486.0 6534.0 1.06
26 54 294.0 3 6399.0 6826.0 1.19
27 58 298.0 3 6414.0 5500.0 0.31
28 60 300.0 3 9512.0 1602.0 0.34
29 62 302.0 3 4591.0 5331.0 1.89
30 63 303.0 3 8123.0 6141.0 0.49
31 66 306.0 3 2607.0 5624.0 1.65
32 67 307.0 3 4658.0 1791.0 1.39
33 68 308.0 3 5592.0 4765.0 0.81
34 73 313.0 3 8927.0 4531.0 0.98
35 75 315.0 3 2377.0 2595.0 0.7
36 81 321.0 3 5992.0 5030.0 1.71
37 82 322.0 3 4606.0 5192.0 1.82
38 86 326.0 3 9156.0 4577.0 1.66
39 87 327.0 3 6617.0 6865.0 0.64
40 90 330.0 3 5820.0 3819.0 0.78
41 92 332.0 3 4784.0 4796.0 0.57
42 97 337.0 3 4793.0 3996.0 1.24
43 98 338.0 3 8396.0 7476.0 1.07
44 102 342.0 3 6617.0 5419.0 0.68
45 113 353.0 3 4350.0 4810.0 1.43
46 114 354.0 3 3858.0 6185.0 1.04
47 116 356.0 3 6884.0 5518.0 1.55
48 118 358.0 3 4071.0 3439.0 0.87
49 118 358.0 3 3731.0 4713.0 0.89
50 119 359.0 3 3709.0 7598.0 1.62
51 121 361.0 3 4787.0 7016.0 0.51
52 122 362.0 3 3120.0 7739.0 0.49
53 123 363.0 3 5812.0 4654.0 1.7
54 123 363.0 3 7075.0 4726.0 0.32
55 123 363.0 3 7226.0 774.0 1.45
56 124 364.0 3 1558.0 4531.0 0.79
57 125 365.0 3 9462.0 7233.0 1.51
58 129 369.0 3 8945.0 5504.0 1.52
59 131 371.0 3 6567.0 5322.0 0.97
60 133 373.0 3 4724.0 5271.0 1.04
61 135 375.0 3 7326.0 6818.0 1.27
62 138 378.0 3 7403.0 9217.0 1.6
63 139 379.0 3 4420.0 8877.0 1.03
64 143 383.0 3 2744.0 4002.0 1.64
65 144 384.0 3 5070.0 7362.0 2.0
66 147 387.0 3 3343.0 5615.0 0.41
67 149 389.0 3 5745.0 1464.0 1.83
68 150 390.0 3 7067.0 2952.0 0.91
69 150 390.0 3 7827.0 8064.0 1.48
70 155 395.0 3 3061.0 6964.0 0.4
71 159 399.0 3 4908.0 7018.0 1.43
72 160 400.0 3 4317.0 5031.0 1.71
73 170 410.0 3 4196.0 7235.0 0.35
74 171 411.0 3 3868.0 6957.0 0.97
75 177 417.0 3 7068.0 3481.0 1.27
76 185 425.0 3 5886.0 4205.0 1.42
77 189 429.0 3 2564.0 2695.0 0.77
78 189 429.0 3 589.0 7346.0 1.65
79 190 430.0 3 7278.0 3687.0 0.89
80 193 433.0 3 6091.0 7930.0 1.44
81 194 434.0 3 5438.0 6346.0 1.61
82 194 434.0 3 2636.0 9482.0 0.74
83 196 436.0 3 7249.0 3760.0 1.49
84 197 437.0 3 4527.0 8158.0 0.43
85 197 437.0 3 6955.0 6966.0 0.85
86 198 438.0 3 1742.0 4521.0 1.97
87 199 439.0 3 3137.0 5247.0 1.12
88 199 439.0 3 4283.0 8245.0 1.75
89 200 440.0 3 2660.0 3334.0 1.22
90 201 441.0 3 3496.0 1665.0 0.41
91 204 444.0 3 5788.0 4711.0 1.43
92 205 445.0 3 3494.0 4079.0 0.62
93 206 446.0 3 1585.0 7406.0 0.68
94 206 446.0 3 4276.0 4268.0 1.12
95 207 447.0 3 4690.0 9448.0 0.6
96 212 452.0 3 2887.0 6748.0 1.34
97 213 453.0 3 1870.0 3947.0 1.18
98 213 453.0 3 6054.0 2681.0 0.84
99 219 459.0 3 3464.0 -1136.0 0.9
100 219 459.0 3 6558.0 3677.0 1.56
101 220 460.0 3 4228.0 2618.0 1.48
102 220 460.0 3 5827.0 7237.0 0.46
103 222 462.0 3 3770.0 4311.0 1.81
104 222 462.0 3 6310.0 6345.0 0.33
105 222 462.0 3 3874.0 2212.0 0.39
106 224 464.0 3 4686.0 6264.0 0.76
107 227 467.0 3 3632.0 8275.0 1.89
108 231 471.0 3 7949.0 1384.0 1.04
109 232 472.0 3 2719.0 5448.0 1.25
110 234 474.0 3 4105.0 5952.0 0.67
111 237 477.0 3 4585.0 3917.0 1.18
112 240 480.0 3 3103.0 6094.0 1.82
113 242 482.0 3 6160.0 5943.0 1.46
114 242 482.0 3 2105.0 6205.0 1.93
115 243 483.0 3 3349.0 5492.0 0.45
116 244 484.0 3 5908.0 3061.0 1.55
117 244 484.0 3 4480.0 3151.0 1.16
118 245 485.0 3 1969.0 2821.0 1.44
119 246 486.0 3 4215.0 6440.0 1.67
120 250 490.0 3 2535.0 2865.0 0.33
121 251 491.0 3 5404.0 6920.0 1.57
122 251 491.0 3 7529.0 1902.0 1.81
123 252 492.0 3 4554.0 4851.0 1.54
124 253 493.0 3 6135.0 8230.0 0.69
125 253 493.0 3 6918.0 8117.0 1.85
126 253 493.0 3 5050.0 6795.0 1.29
127 256 496.0 3 5865.0 9971.0 1.58
128 258 498.0 3 9648.0 7362.0 0.71
129 265 505.0 3 4389.0 8575.0 1.53
130 265 505.0 3 3420.0 4438.0 1.85
131 267 507.0 3 4162.0 3698.0 0.54
132 267 507.0 3 7393.0 5104.0 1.58
133 269 509.0 3 1688.0 3416.0 1.6
134 275 515.0 3 2397.0 4072.0 1.11
135 276 516.0 3 626.0 1937.0 0.52
136 278 518.0 3 5842.0 5983.0 1.62
137 279 519.0 3 3725.0 3741.0 1.77
138 280 520.0 3 4019.0 8252.0 0.89
139 281 521.0 3 3121.0 -505.0 1.1
140 281 521.0 3 7499.0 7994.0 1.72
141 285 525.0 3 1949.0 5303.0 1.56
142 286 526.0 3 5992.0 5986.0 0.58
143 288 528.0 3 5772.0 7476.0 1.77
144 288 528.0 3 4723.0 4350.0 1.78
145 290 530.0 3 6141.0 4111.0 1.06
146 291 531.0 3 3582.0 6117.0 1.95
147 293 533.0 3 1621.0 5589.0 1.64
148 294 534.0 3 6413.0 1912.0 0.42
149 296 536.0 3 6347.0 5261.0 1.14
150 302 542.0 3 5581.0 8550.0 0.52
151 302 542.0 3 4665.0 5691.0 1.67
152 304 544.0 3 -197.0 5877.0 0.87
153 305 545.0 3 2354.0 2853.0 1.54
154 306 546.0 3 3192.0 1300.0 1.05
155 309 549.0 3 2264.0 3558.0 1.33
156 309 549.0 3 7000.0 8854.0 1.96
157 314 554.0 3 1140.0 3474.0 0.51
158 318 558.0 3 751.0 3078.0 1.15
159 318 558.0 3 5188.0 6976.0 0.53
160 319 559.0 3 4665.0 2201.0 0.69
161 322 562.0 3 3997.0 4274.0 1.28
162 324 564.0 3 3517.0 5498.0 1.92
163 329 569.0 3 6435.0 2732.0 1.62
164 331 571.0 3 3558.0 2409.0 1.6
165 334 574.0 3 1762.0 3140.0 1.84
166 339 579.0 3 6280.0 7471.0 1.61
167 339 579.0 3 8228.0 5663.0 1.76
168 339 579.0 3 9149.0 6312.0 0.97
169 342 582.0 3 8607.0 3517.0 1.62
170 343 583.0 3 4799.0 5172.0 0.97
171 344 584.0 3 6455.0 4653.0 0.41
172 348 588.0 3 3287.0 8125.0 1.58
173 352 592.0 3 4259.0 5642.0 0.82
174 352 592.0 3 992.0 4442.0 1.11
175 352 592.0 3 6540.0 6325.0 1.07
176 352 592.0 3 4653.0 10027.0 0.58
177 357 597.0 3 8922.0 5626.0 1.48
178 359 599.0 3 2740.0 676.0 1.88
179 360 600.0 3 7224.0 3465.0 0.95
180 363 603.0 3 7670.0 3274.0 1.22
181 366 606.0 3 5488.0 4654.0 0.85
182 366 606.0 3 9095.0 6299.0 0.95
183 368 608.0 3 4965.0 3362.0 0.97
184 369 609.0 3 4465.0 6631.0 1.08
185 371 611.0 3 6924.0 3989.0 0.9
186 373 613.0 3 4574.0 10076.0 1.24
187 373 613.0 3 3438.0 2881.0 0.8
188 374 614.0 3 2897.0 5638.0 1.66
189 376 616.0 3 3411.0 5059.0 1.9
190 380 620.0 3 3259.0 5621.0 1.33
191 390 630.0 3 1294.0 6185.0 0.76
192 402 642.0 3 192.0 6572.0 0.79
193 407 647.0 3 6471.0 7057.0 0.63
194 409 649.0 3 8372.0 4754.0 0.74
195 410 650.0 3 8843.0 3258.0 0.37
196 412 652.0 3 6399.0 7035.0 1.23
197 413 653.0 3 6834.0 4896.0 1.52
198 414 654.0 3 3409.0 5168.0 0.65
199 415 655.0 3 3423.0 9600.0 1.04
200 417 657.0 3 3663.0 4964.0 1.37
0 0 540 30 5000 5000 0
Num_drones 12
