Drone_data                      
          q_d       2.3     [Kg]
            W       1.5     [Kg]
            m       1.5     [Kg]
            g      9.81   [N/Kg]
        rho_d     1.204 [Kg/m^3]
         xi_d    0.0064    [m^2]
          h_d         6         
KWh_conv_fact  0.000017         
      ce_unit       306  [â‚¬/KWh]

Battery_data                      
             E_min  10.00  percent
             E_max 100.00  percent
           under_E  10.00  percent
max_energy_density   0.27 [KWh/Kg]
 minutes_conv_fact   0.60         
    charging power   0.90  [KW/Kg]
           omega_0   0.00         
               rho  20.00  minutes

Customers_data 
id t l_i st_i x_i y_i q_i
1 4 244.0 3 2462.0 7701.0 1.13
2 5 245.0 3 2419.0 3238.0 1.3
3 9 249.0 3 7119.0 3340.0 1.29
4 11 251.0 3 2158.0 1494.0 1.51
5 11 251.0 3 5761.0 917.0 0.44
6 12 252.0 3 3315.0 4444.0 1.39
7 18 258.0 3 6157.0 6152.0 0.44
8 19 259.0 3 5200.0 6747.0 0.49
9 19 259.0 3 5573.0 5336.0 0.37
10 20 260.0 3 9092.0 5531.0 1.17
11 21 261.0 3 5996.0 5093.0 1.92
12 21 261.0 3 3027.0 4688.0 1.78
13 22 262.0 3 7311.0 3507.0 0.33
14 23 263.0 3 4834.0 4642.0 0.33
15 32 272.0 3 865.0 4081.0 0.45
16 33 273.0 3 3399.0 6613.0 0.93
17 38 278.0 3 4381.0 5459.0 0.63
18 40 280.0 3 2585.0 7855.0 1.02
19 45 285.0 3 4305.0 1901.0 1.61
20 45 285.0 3 4683.0 7015.0 1.5
21 45 285.0 3 7800.0 7441.0 1.0
22 45 285.0 3 2933.0 2484.0 0.71
23 48 288.0 3 5677.0 2720.0 0.39
24 48 288.0 3 6025.0 1628.0 0.61
25 48 288.0 3 556.0 7658.0 1.97
26 52 292.0 3 1072.0 2555.0 0.9
27 53 293.0 3 3742.0 4750.0 0.79
28 55 295.0 3 5545.0 3537.0 1.92
29 59 299.0 3 5612.0 7611.0 1.1
30 59 299.0 3 1602.0 5841.0 1.82
31 71 311.0 3 5504.0 1166.0 1.69
32 74 314.0 3 6243.0 2033.0 1.7
33 75 315.0 3 3780.0 7249.0 1.11
34 77 317.0 3 3410.0 3152.0 1.43
35 77 317.0 3 5654.0 4445.0 1.34
36 77 317.0 3 6342.0 522.0 1.0
37 83 323.0 3 7840.0 7881.0 1.09
38 83 323.0 3 6169.0 173.0 1.19
39 83 323.0 3 7178.0 4916.0 1.8
40 84 324.0 3 3694.0 4403.0 1.43
41 85 325.0 3 4493.0 6935.0 0.96
42 91 331.0 3 6639.0 2288.0 1.34
43 96 336.0 3 2384.0 5167.0 1.22
44 101 341.0 3 4817.0 4349.0 1.45
45 104 344.0 3 6656.0 76.0 0.72
46 106 346.0 3 5487.0 4309.0 1.67
47 115 355.0 3 6832.0 4887.0 1.7
48 117 357.0 3 8582.0 5673.0 0.96
49 118 358.0 3 6027.0 2705.0 1.75
50 119 359.0 3 3207.0 3127.0 1.06
51 120 360.0 3 6042.0 5295.0 1.64
52 121 361.0 3 1893.0 5922.0 1.72
53 124 364.0 3 2847.0 2167.0 1.66
54 124 364.0 3 -336.0 5817.0 0.89
55 127 367.0 3 1971.0 -585.0 0.43
56 130 370.0 3 4785.0 6004.0 0.52
57 131 371.0 3 7312.0 3452.0 0.66
58 136 376.0 3 5297.0 5595.0 1.8
59 136 376.0 3 5159.0 1457.0 0.97
60 137 377.0 3 6587.0 5804.0 1.43
61 137 377.0 3 467.0 6343.0 1.92
62 138 378.0 3 5729.0 3393.0 0.89
63 140 380.0 3 1433.0 2084.0 1.47
64 141 381.0 3 9472.0 6997.0 1.68
65 142 382.0 3 3678.0 6124.0 1.79
66 143 383.0 3 5143.0 560.0 1.89
67 144 384.0 3 7970.0 3986.0 0.53
68 144 384.0 3 7013.0 2292.0 0.39
69 150 390.0 3 7000.0 4454.0 1.22
70 152 392.0 3 3696.0 1979.0 1.15
71 153 393.0 3 7344.0 5730.0 0.98
72 154 394.0 3 7183.0 7118.0 0.79
73 155 395.0 3 808.0 3886.0 1.24
74 157 397.0 3 9038.0 3311.0 1.2
75 159 399.0 3 6925.0 2960.0 0.97
76 160 400.0 3 2622.0 6729.0 1.57
77 165 405.0 3 8009.0 10329.0 0.55
78 169 409.0 3 4796.0 6596.0 0.9
79 169 409.0 3 2756.0 4195.0 0.94
80 173 413.0 3 4527.0 5873.0 0.79
81 177 417.0 3 7084.0 3347.0 1.84
82 178 418.0 3 6085.0 4662.0 1.83
83 182 422.0 3 4910.0 1042.0 0.82
84 182 422.0 3 4167.0 4164.0 1.08
85 183 423.0 3 8015.0 5814.0 0.36
86 186 426.0 3 5966.0 5940.0 1.09
87 188 428.0 3 4149.0 5405.0 0.34
88 188 428.0 3 7580.0 6668.0 0.4
89 189 429.0 3 3276.0 8217.0 1.08
90 191 431.0 3 6733.0 8216.0 0.5
91 192 432.0 3 5400.0 5411.0 1.43
92 193 433.0 3 3964.0 2632.0 0.34
93 200 440.0 3 4358.0 1567.0 1.19
94 200 440.0 3 2983.0 3136.0 0.62
95 201 441.0 3 6378.0 8532.0 1.03
96 201 441.0 3 6009.0 4468.0 0.56
97 202 442.0 3 3026.0 4752.0 1.0
98 208 448.0 3 8854.0 3765.0 1.94
99 210 450.0 3 8583.0 6735.0 0.9
100 210 450.0 3 7977.0 5632.0 1.53
101 213 453.0 3 5156.0 3850.0 0.36
102 217 457.0 3 5792.0 5700.0 1.17
103 218 458.0 3 6706.0 5106.0 0.64
104 219 459.0 3 5842.0 5249.0 1.37
105 220 460.0 3 9228.0 200.0 0.9
106 221 461.0 3 4751.0 8136.0 0.99
107 227 467.0 3 6389.0 4496.0 1.75
108 228 468.0 3 7548.0 6764.0 1.67
109 229 469.0 3 3594.0 6859.0 1.41
110 231 471.0 3 5361.0 488.0 0.95
111 232 472.0 3 2888.0 2522.0 0.95
112 234 474.0 3 3956.0 2477.0 0.73
113 239 479.0 3 5744.0 2475.0 1.54
114 248 488.0 3 6375.0 2704.0 0.52
115 249 489.0 3 2947.0 5169.0 1.9
116 250 490.0 3 2503.0 3559.0 1.01
117 251 491.0 3 4267.0 -486.0 1.33
118 251 491.0 3 8640.0 748.0 0.9
119 252 492.0 3 8139.0 4848.0 1.47
120 254 494.0 3 7492.0 9999.0 1.49
121 257 497.0 3 1387.0 2310.0 1.15
122 257 497.0 3 3173.0 6869.0 1.34
123 259 499.0 3 6525.0 5209.0 1.53
124 262 502.0 3 4688.0 3970.0 1.54
125 267 507.0 3 4508.0 4953.0 0.47
126 267 507.0 3 7598.0 4908.0 1.41
127 269 509.0 3 7526.0 2201.0 1.46
128 269 509.0 3 3253.0 5337.0 1.37
129 269 509.0 3 4068.0 6325.0 1.95
130 272 512.0 3 1700.0 3539.0 0.63
131 277 517.0 3 6697.0 6363.0 0.63
132 279 519.0 3 6393.0 5867.0 0.45
133 280 520.0 3 830.0 6337.0 1.87
134 284 524.0 3 4804.0 6960.0 0.4
135 286 526.0 3 4634.0 7400.0 0.86
136 286 526.0 3 7062.0 240.0 0.75
137 288 528.0 3 5741.0 7114.0 1.22
138 290 530.0 3 3276.0 1282.0 1.17
139 291 531.0 3 7547.0 7019.0 0.94
140 292 532.0 3 7558.0 7693.0 1.36
141 296 536.0 3 2949.0 6383.0 1.34
142 297 537.0 3 7788.0 5850.0 1.93
143 300 540.0 3 3026.0 3633.0 1.46
144 304 544.0 3 5036.0 1173.0 0.82
145 305 545.0 3 6640.0 -187.0 1.26
146 305 545.0 3 2320.0 9857.0 0.65
147 309 549.0 3 3228.0 4327.0 1.16
148 312 552.0 3 7208.0 6929.0 1.05
149 314 554.0 3 4390.0 5826.0 0.63
150 320 560.0 3 4811.0 9289.0 0.34
151 324 564.0 3 5047.0 3054.0 1.57
152 332 572.0 3 3550.0 1045.0 1.21
153 333 573.0 3 8778.0 5686.0 1.16
154 336 576.0 3 8387.0 5255.0 0.89
155 336 576.0 3 5100.0 6495.0 1.44
156 338 578.0 3 2898.0 4868.0 0.45
157 340 580.0 3 6524.0 5850.0 0.72
158 340 580.0 3 6648.0 6254.0 0.97
159 343 583.0 3 4891.0 4433.0 1.91
160 350 590.0 3 4339.0 7639.0 1.26
161 352 592.0 3 1891.0 4549.0 1.81
162 354 594.0 3 5421.0 6403.0 1.63
163 356 596.0 3 1199.0 7047.0 1.89
164 356 596.0 3 6926.0 8243.0 1.65
165 358 598.0 3 3339.0 5605.0 1.26
166 359 599.0 3 9499.0 7020.0 1.34
167 360 600.0 3 4384.0 4740.0 0.57
168 362 602.0 3 9724.0 3733.0 1.78
169 363 603.0 3 3944.0 3374.0 1.51
170 366 606.0 3 2428.0 7017.0 0.74
171 372 612.0 3 634.0 4909.0 1.94
172 374 614.0 3 6212.0 4079.0 0.8
173 375 615.0 3 4258.0 5535.0 1.47
174 375 615.0 3 5910.0 4823.0 1.83
175 376 616.0 3 2252.0 3975.0 0.99
176 378 618.0 3 5522.0 2383.0 1.32
177 378 618.0 3 5935.0 4333.0 1.15
178 381 621.0 3 2845.0 7783.0 0.71
179 381 621.0 3 5965.0 4086.0 1.9
180 385 625.0 3 7618.0 3000.0 0.49
181 386 626.0 3 3198.0 6212.0 1.11
182 386 626.0 3 4450.0 6976.0 0.64
183 387 627.0 3 8437.0 4293.0 0.67
184 388 628.0 3 4174.0 5656.0 0.53
185 392 632.0 3 3264.0 9807.0 1.42
186 394 634.0 3 3936.0 1507.0 1.69
187 396 636.0 3 2439.0 4098.0 0.41
188 397 637.0 3 2641.0 3097.0 1.78
189 400 640.0 3 4757.0 136.0 1.74
190 402 642.0 3 9478.0 2029.0 0.91
191 406 646.0 3 4014.0 241.0 1.66
192 407 647.0 3 6541.0 5508.0 0.78
193 407 647.0 3 995.0 3973.0 1.96
194 408 648.0 3 3027.0 5715.0 0.9
195 411 651.0 3 2436.0 3207.0 1.96
196 412 652.0 3 7565.0 6218.0 1.39
197 412 652.0 3 1882.0 1199.0 1.23
198 415 655.0 3 1825.0 7428.0 1.84
199 416 656.0 3 3510.0 3990.0 0.8
200 419 659.0 3 7083.0 3633.0 2.0
0 0 540 30 5000 5000 0
Num_drones 12
