Drone_data                      
          q_d       2.3     [Kg]
            W       1.5     [Kg]
            m       1.5     [Kg]
            g      9.81   [N/Kg]
        rho_d     1.204 [Kg/m^3]
         xi_d    0.0064    [m^2]
          h_d         6         
KWh_conv_fact  0.000017         
      ce_unit       306  [â‚¬/KWh]

Battery_data                      
             E_min  10.00  percent
             E_max 100.00  percent
           under_E  10.00  percent
max_energy_density   0.27 [KWh/Kg]
 minutes_conv_fact   0.60         
    charging power   0.90  [KW/Kg]
           omega_0   0.00         
               rho  20.00  minutes

Customers_data 
id t l_i st_i x_i y_i q_i
1 0 240.0 3 2292.0 4163.0 1.55
2 0 240.0 3 8696.0 4692.0 0.57
3 1 241.0 3 2162.0 6161.0 1.69
4 1 241.0 3 4002.0 7125.0 1.58
5 5 245.0 3 4906.0 8097.0 1.89
6 5 245.0 3 7566.0 2794.0 1.75
7 6 246.0 3 7081.0 8248.0 1.98
8 8 248.0 3 405.0 1324.0 0.67
9 8 248.0 3 6837.0 1639.0 0.83
10 9 249.0 3 7311.0 6542.0 0.6
11 9 249.0 3 7183.0 2089.0 1.5
12 10 250.0 3 2835.0 5603.0 1.28
13 11 251.0 3 1865.0 6817.0 1.56
14 13 253.0 3 3481.0 7450.0 1.82
15 13 253.0 3 6843.0 8081.0 1.95
16 14 254.0 3 5223.0 6092.0 1.64
17 15 255.0 3 5339.0 4963.0 1.66
18 15 255.0 3 3993.0 4441.0 0.69
19 15 255.0 3 4247.0 6233.0 1.29
20 16 256.0 3 8734.0 4689.0 1.69
21 16 256.0 3 4895.0 1696.0 1.05
22 16 256.0 3 4524.0 3892.0 1.74
23 17 257.0 3 4184.0 4722.0 0.88
24 17 257.0 3 4434.0 8920.0 1.58
25 19 259.0 3 2138.0 3734.0 0.43
26 19 259.0 3 5102.0 5164.0 1.54
27 21 261.0 3 1769.0 7423.0 0.72
28 24 264.0 3 5689.0 580.0 0.39
29 26 266.0 3 2139.0 6595.0 0.53
30 26 266.0 3 5190.0 3089.0 0.56
31 28 268.0 3 4902.0 5880.0 1.8
32 30 270.0 3 1991.0 6866.0 1.74
33 30 270.0 3 6711.0 6026.0 1.33
34 31 271.0 3 5729.0 4667.0 1.28
35 32 272.0 3 6672.0 6081.0 1.17
36 33 273.0 3 7137.0 6533.0 0.9
37 34 274.0 3 5164.0 4630.0 0.66
38 39 279.0 3 5552.0 7271.0 1.43
39 41 281.0 3 8951.0 2136.0 1.19
40 41 281.0 3 5025.0 8555.0 0.33
41 42 282.0 3 4211.0 5938.0 0.49
42 42 282.0 3 4480.0 1317.0 1.77
43 43 283.0 3 3374.0 7344.0 0.93
44 45 285.0 3 5827.0 3035.0 1.19
45 47 287.0 3 7918.0 4692.0 0.67
46 48 288.0 3 6690.0 6869.0 0.47
47 50 290.0 3 8254.0 3964.0 0.6
48 51 291.0 3 8069.0 3825.0 1.16
49 52 292.0 3 2566.0 3395.0 0.9
50 54 294.0 3 906.0 5781.0 1.51
51 54 294.0 3 5769.0 3474.0 0.48
52 54 294.0 3 4457.0 1228.0 1.15
53 55 295.0 3 8194.0 7040.0 0.68
54 56 296.0 3 6873.0 2934.0 1.3
55 56 296.0 3 8304.0 635.0 0.39
56 56 296.0 3 2995.0 1201.0 1.67
57 56 296.0 3 6162.0 2559.0 0.81
58 57 297.0 3 6783.0 5074.0 1.32
59 57 297.0 3 4407.0 1812.0 0.73
60 57 297.0 3 7007.0 3776.0 1.3
61 58 298.0 3 4194.0 8317.0 1.57
62 59 299.0 3 1219.0 5040.0 0.81
63 59 299.0 3 3986.0 8133.0 0.55
64 60 300.0 3 7284.0 4245.0 1.83
65 60 300.0 3 3189.0 4000.0 1.3
66 63 303.0 3 5168.0 4937.0 0.64
67 63 303.0 3 5521.0 697.0 0.47
68 64 304.0 3 3940.0 6693.0 0.9
69 66 306.0 3 2493.0 5605.0 1.96
70 67 307.0 3 3176.0 6787.0 0.95
71 67 307.0 3 1565.0 3021.0 1.06
72 68 308.0 3 3904.0 9028.0 1.34
73 69 309.0 3 2130.0 5444.0 1.94
74 69 309.0 3 8169.0 7646.0 1.7
75 70 310.0 3 6293.0 62.0 0.75
76 71 311.0 3 5090.0 4911.0 0.78
77 72 312.0 3 3710.0 10881.0 0.87
78 73 313.0 3 6612.0 5960.0 0.73
79 73 313.0 3 7487.0 5587.0 1.55
80 73 313.0 3 3101.0 3475.0 1.43
81 75 315.0 3 9549.0 3562.0 1.66
82 75 315.0 3 5258.0 7868.0 1.66
83 77 317.0 3 4634.0 8595.0 0.46
84 79 319.0 3 953.0 7822.0 0.31
85 79 319.0 3 9973.0 6702.0 1.4
86 80 320.0 3 2195.0 9901.0 0.34
87 81 321.0 3 7330.0 3686.0 1.27
88 81 321.0 3 4508.0 -1165.0 0.63
89 82 322.0 3 7225.0 5132.0 0.76
90 83 323.0 3 8533.0 6916.0 0.55
91 85 325.0 3 5377.0 2576.0 1.45
92 86 326.0 3 3271.0 6394.0 1.21
93 86 326.0 3 8299.0 97.0 1.28
94 86 326.0 3 3886.0 5709.0 0.47
95 86 326.0 3 4579.0 4320.0 1.62
96 87 327.0 3 5272.0 -419.0 0.42
97 87 327.0 3 1866.0 8599.0 1.15
98 87 327.0 3 3210.0 4322.0 0.4
99 87 327.0 3 3439.0 8578.0 1.65
100 89 329.0 3 1985.0 8398.0 1.24
101 90 330.0 3 7264.0 2091.0 1.89
102 90 330.0 3 2971.0 5038.0 0.75
103 91 331.0 3 5058.0 9428.0 1.07
104 93 333.0 3 4584.0 3985.0 1.96
105 94 334.0 3 5652.0 4466.0 0.76
106 94 334.0 3 7496.0 4756.0 1.12
107 95 335.0 3 3569.0 6373.0 1.86
108 97 337.0 3 5919.0 7646.0 0.7
109 100 340.0 3 5545.0 4412.0 0.96
110 101 341.0 3 646.0 8829.0 0.78
111 102 342.0 3 2495.0 4916.0 0.31
112 103 343.0 3 6731.0 4439.0 1.59
113 104 344.0 3 4661.0 6775.0 1.27
114 110 350.0 3 2611.0 3153.0 1.24
115 110 350.0 3 5213.0 4789.0 0.56
116 112 352.0 3 9014.0 3982.0 1.91
117 113 353.0 3 7204.0 7147.0 0.68
118 113 353.0 3 6794.0 6048.0 1.62
119 114 354.0 3 2972.0 4051.0 0.88
120 117 357.0 3 4601.0 3752.0 0.46
121 118 358.0 3 3494.0 5593.0 1.89
122 122 362.0 3 7387.0 8029.0 0.35
123 123 363.0 3 3504.0 4220.0 1.47
124 123 363.0 3 2184.0 2665.0 0.52
125 123 363.0 3 10399.0 7466.0 1.05
126 124 364.0 3 3713.0 3928.0 0.85
127 125 365.0 3 9628.0 7602.0 0.81
128 125 365.0 3 6199.0 4112.0 1.52
129 126 366.0 3 7136.0 5740.0 1.03
130 127 367.0 3 4292.0 5834.0 0.71
131 127 367.0 3 5533.0 2573.0 0.44
132 127 367.0 3 3232.0 5335.0 1.56
133 129 369.0 3 8906.0 7609.0 0.85
134 133 373.0 3 1734.0 3079.0 1.84
135 133 373.0 3 2426.0 5502.0 1.19
136 135 375.0 3 5907.0 8640.0 0.7
137 138 378.0 3 1039.0 5383.0 1.99
138 138 378.0 3 -142.0 2349.0 0.53
139 139 379.0 3 3226.0 3465.0 0.33
140 143 383.0 3 2167.0 449.0 0.8
141 143 383.0 3 4538.0 6566.0 0.93
142 146 386.0 3 5311.0 1835.0 0.64
143 146 386.0 3 5057.0 6458.0 1.04
144 147 387.0 3 2778.0 3486.0 0.68
145 148 388.0 3 8145.0 3703.0 1.18
146 149 389.0 3 9009.0 6924.0 1.41
147 154 394.0 3 1902.0 6314.0 1.39
148 155 395.0 3 2877.0 4921.0 0.73
149 157 397.0 3 4995.0 8975.0 0.69
150 157 397.0 3 7738.0 5079.0 0.76
151 158 398.0 3 6733.0 4038.0 0.93
152 160 400.0 3 6563.0 8180.0 1.65
153 162 402.0 3 3485.0 3871.0 0.41
154 163 403.0 3 3957.0 6370.0 1.17
155 163 403.0 3 7943.0 5131.0 1.98
156 164 404.0 3 7637.0 9186.0 1.47
157 166 406.0 3 5777.0 7306.0 1.21
158 166 406.0 3 7861.0 4539.0 0.71
159 166 406.0 3 5034.0 5991.0 1.08
160 167 407.0 3 6568.0 1160.0 1.21
161 167 407.0 3 3444.0 2859.0 1.94
162 168 408.0 3 8579.0 2504.0 1.83
163 170 410.0 3 5269.0 7213.0 0.41
164 171 411.0 3 3359.0 11458.0 0.65
165 173 413.0 3 3739.0 4210.0 1.41
166 175 415.0 3 5372.0 2634.0 0.41
167 178 418.0 3 4421.0 6501.0 0.35
168 178 418.0 3 7388.0 2608.0 1.76
169 178 418.0 3 10311.0 7388.0 1.0
170 179 419.0 3 7568.0 4371.0 1.13
171 180 420.0 3 5223.0 4754.0 0.3
172 181 421.0 3 3311.0 3166.0 0.85
173 182 422.0 3 2273.0 2367.0 0.3
174 183 423.0 3 4635.0 3438.0 1.39
175 185 425.0 3 7993.0 8242.0 1.39
176 185 425.0 3 7357.0 10159.0 0.38
177 185 425.0 3 2455.0 6169.0 1.49
178 188 428.0 3 193.0 7477.0 0.35
179 189 429.0 3 3547.0 3831.0 0.31
180 190 430.0 3 3686.0 -1268.0 0.3
181 190 430.0 3 3825.0 7540.0 0.46
182 191 431.0 3 3755.0 2853.0 1.44
183 192 432.0 3 2671.0 2888.0 1.58
184 192 432.0 3 2913.0 5925.0 0.71
185 192 432.0 3 6735.0 6676.0 1.76
186 193 433.0 3 7721.0 5896.0 1.38
187 193 433.0 3 3589.0 2274.0 1.37
188 194 434.0 3 3922.0 5580.0 1.33
189 196 436.0 3 2239.0 5591.0 0.5
190 196 436.0 3 6763.0 1889.0 0.87
191 196 436.0 3 6340.0 5558.0 1.73
192 198 438.0 3 5009.0 6894.0 0.44
193 200 440.0 3 4087.0 7367.0 1.53
194 205 445.0 3 3710.0 5503.0 1.81
195 205 445.0 3 4964.0 5884.0 1.6
196 207 447.0 3 6770.0 6511.0 0.66
197 210 450.0 3 5301.0 7268.0 1.06
198 211 451.0 3 7161.0 292.0 1.23
199 211 451.0 3 4387.0 8447.0 0.56
200 213 453.0 3 80.0 7049.0 0.51
201 215 455.0 3 3385.0 4793.0 0.87
202 215 455.0 3 4990.0 6680.0 1.26
203 216 456.0 3 6112.0 5373.0 0.57
204 216 456.0 3 3530.0 6932.0 1.48
205 217 457.0 3 5188.0 3490.0 0.72
206 217 457.0 3 4806.0 2505.0 1.95
207 221 461.0 3 5957.0 4376.0 2.0
208 222 462.0 3 6001.0 5221.0 0.39
209 222 462.0 3 7494.0 7409.0 1.27
210 223 463.0 3 4056.0 3707.0 1.78
211 225 465.0 3 3961.0 6120.0 0.85
212 227 467.0 3 3777.0 4384.0 0.37
213 229 469.0 3 6763.0 5843.0 1.97
214 230 470.0 3 2196.0 2768.0 0.41
215 231 471.0 3 4637.0 2240.0 1.95
216 232 472.0 3 5027.0 4990.0 1.83
217 233 473.0 3 6945.0 5763.0 0.49
218 233 473.0 3 4905.0 1135.0 1.17
219 234 474.0 3 5905.0 2222.0 1.66
220 235 475.0 3 1981.0 5681.0 1.08
221 236 476.0 3 2455.0 2117.0 1.29
222 237 477.0 3 7516.0 9395.0 1.85
223 237 477.0 3 5607.0 7610.0 1.11
224 238 478.0 3 3862.0 3932.0 0.9
225 238 478.0 3 7566.0 5307.0 1.17
226 239 479.0 3 7511.0 7393.0 1.24
227 241 481.0 3 3456.0 5532.0 0.72
228 242 482.0 3 5208.0 7934.0 1.42
229 242 482.0 3 6849.0 6385.0 0.82
230 242 482.0 3 2519.0 10180.0 1.09
231 243 483.0 3 4555.0 1883.0 0.83
232 245 485.0 3 5755.0 9482.0 0.58
233 247 487.0 3 6655.0 3136.0 0.65
234 247 487.0 3 8159.0 6503.0 0.9
235 248 488.0 3 4484.0 4549.0 1.3
236 251 491.0 3 3372.0 5422.0 1.09
237 252 492.0 3 2264.0 4775.0 1.56
238 253 493.0 3 4561.0 6496.0 0.82
239 256 496.0 3 7863.0 5076.0 0.81
240 256 496.0 3 6658.0 4087.0 0.53
241 257 497.0 3 5629.0 2294.0 1.13
242 258 498.0 3 7660.0 5125.0 0.74
243 259 499.0 3 9294.0 4770.0 1.07
244 261 501.0 3 4919.0 5822.0 0.42
245 261 501.0 3 2939.0 6118.0 0.48
246 261 501.0 3 2910.0 3528.0 1.7
247 262 502.0 3 640.0 4059.0 1.17
248 262 502.0 3 4547.0 3901.0 1.69
249 262 502.0 3 1881.0 9646.0 1.16
250 262 502.0 3 9070.0 2806.0 1.39
251 262 502.0 3 -817.0 3722.0 0.78
252 264 504.0 3 3019.0 4942.0 1.21
253 267 507.0 3 7013.0 5035.0 1.26
254 269 509.0 3 6669.0 6153.0 0.7
255 270 510.0 3 4241.0 7356.0 1.21
256 271 511.0 3 6434.0 4468.0 1.77
257 271 511.0 3 2332.0 1391.0 1.72
258 271 511.0 3 6029.0 9275.0 0.8
259 274 514.0 3 3527.0 6790.0 1.3
260 277 517.0 3 117.0 2764.0 1.51
261 280 520.0 3 3099.0 -88.0 1.11
262 282 522.0 3 4032.0 6351.0 1.84
263 283 523.0 3 7167.0 5734.0 0.74
264 283 523.0 3 5214.0 5705.0 0.89
265 285 525.0 3 2672.0 4976.0 1.73
266 285 525.0 3 4494.0 6466.0 1.68
267 286 526.0 3 7291.0 1544.0 0.94
268 287 527.0 3 2637.0 6207.0 0.42
269 287 527.0 3 6034.0 5233.0 0.64
270 291 531.0 3 10198.0 9472.0 0.43
271 293 533.0 3 7669.0 7254.0 1.79
272 293 533.0 3 1094.0 6371.0 0.69
273 294 534.0 3 6795.0 4267.0 0.39
274 295 535.0 3 1719.0 5700.0 0.67
275 295 535.0 3 7630.0 4318.0 1.29
276 298 538.0 3 3420.0 3330.0 0.37
277 300 540.0 3 3081.0 3696.0 1.04
278 300 540.0 3 5640.0 7179.0 1.54
279 301 541.0 3 5307.0 1599.0 0.56
280 306 546.0 3 1269.0 2516.0 1.18
281 306 546.0 3 4415.0 2913.0 1.85
282 306 546.0 3 4241.0 489.0 0.41
283 307 547.0 3 2863.0 7829.0 1.07
284 309 549.0 3 7211.0 8334.0 1.73
285 309 549.0 3 5571.0 4386.0 1.45
286 311 551.0 3 -1893.0 3376.0 0.45
287 312 552.0 3 2994.0 4856.0 1.19
288 314 554.0 3 7599.0 6490.0 1.46
289 316 556.0 3 8348.0 3419.0 1.64
290 317 557.0 3 4977.0 1580.0 1.4
291 317 557.0 3 6190.0 5979.0 0.43
292 320 560.0 3 6509.0 1363.0 1.43
293 320 560.0 3 4957.0 5870.0 1.96
294 323 563.0 3 6787.0 5767.0 1.55
295 324 564.0 3 4970.0 577.0 1.65
296 324 564.0 3 4532.0 2795.0 1.35
297 326 566.0 3 5943.0 3120.0 1.94
298 326 566.0 3 4658.0 6469.0 0.75
299 328 568.0 3 7241.0 3738.0 0.57
300 329 569.0 3 2457.0 1378.0 0.96
301 330 570.0 3 2324.0 5178.0 0.98
302 330 570.0 3 5599.0 6700.0 0.55
303 333 573.0 3 3499.0 3089.0 0.83
304 333 573.0 3 4384.0 9635.0 1.29
305 335 575.0 3 7266.0 4517.0 0.58
306 337 577.0 3 6056.0 7552.0 0.61
307 339 579.0 3 1897.0 4750.0 1.65
308 339 579.0 3 5101.0 8152.0 1.71
309 339 579.0 3 2614.0 9214.0 1.28
310 342 582.0 3 6136.0 8163.0 0.52
311 344 584.0 3 4375.0 -564.0 0.98
312 344 584.0 3 3402.0 2864.0 0.66
313 344 584.0 3 4520.0 1282.0 1.09
314 345 585.0 3 5159.0 4511.0 1.64
315 346 586.0 3 5222.0 695.0 1.15
316 346 586.0 3 4991.0 7226.0 1.61
317 347 587.0 3 6494.0 4726.0 1.29
318 348 588.0 3 2553.0 651.0 1.81
319 348 588.0 3 7425.0 4414.0 0.3
320 348 588.0 3 4600.0 4789.0 1.7
321 349 589.0 3 5161.0 4562.0 0.73
322 350 590.0 3 8206.0 936.0 1.63
323 351 591.0 3 1993.0 8085.0 1.86
324 352 592.0 3 6087.0 4228.0 1.73
325 352 592.0 3 4534.0 3678.0 1.82
326 354 594.0 3 2617.0 4835.0 0.94
327 354 594.0 3 814.0 2919.0 1.68
328 355 595.0 3 2056.0 4537.0 0.46
329 356 596.0 3 4751.0 2197.0 0.6
330 357 597.0 3 2532.0 8432.0 0.65
331 359 599.0 3 3035.0 4567.0 1.48
332 360 600.0 3 8161.0 5094.0 1.15
333 361 601.0 3 3892.0 10096.0 1.1
334 362 602.0 3 4788.0 6757.0 0.68
335 364 604.0 3 10731.0 3224.0 0.99
336 364 604.0 3 5018.0 6257.0 1.96
337 364 604.0 3 3009.0 3629.0 1.72
338 364 604.0 3 6095.0 7446.0 1.82
339 367 607.0 3 8462.0 5624.0 1.91
340 368 608.0 3 9599.0 5262.0 1.76
341 368 608.0 3 5246.0 4038.0 0.49
342 369 609.0 3 4095.0 7294.0 1.08
343 369 609.0 3 6939.0 4929.0 0.45
344 369 609.0 3 5696.0 9105.0 1.93
345 370 610.0 3 2773.0 4611.0 0.5
346 371 611.0 3 2181.0 4435.0 1.31
347 373 613.0 3 6618.0 -145.0 0.88
348 373 613.0 3 2856.0 7312.0 1.24
349 375 615.0 3 4679.0 1922.0 1.94
350 375 615.0 3 3998.0 970.0 0.79
351 375 615.0 3 6779.0 5860.0 1.53
352 377 617.0 3 3740.0 1964.0 1.38
353 378 618.0 3 4232.0 7330.0 1.3
354 378 618.0 3 8880.0 1596.0 0.71
355 379 619.0 3 7019.0 9983.0 1.49
356 380 620.0 3 3981.0 8554.0 0.81
357 383 623.0 3 3978.0 9749.0 0.31
358 383 623.0 3 1308.0 6056.0 0.69
359 383 623.0 3 4745.0 1335.0 1.94
360 383 623.0 3 8000.0 8354.0 1.08
361 384 624.0 3 5073.0 7373.0 0.98
362 384 624.0 3 8789.0 5208.0 0.81
363 385 625.0 3 932.0 4960.0 1.12
364 385 625.0 3 2954.0 4340.0 0.75
365 385 625.0 3 4690.0 4214.0 1.42
366 386 626.0 3 5444.0 2386.0 0.8
367 388 628.0 3 3790.0 482.0 1.71
368 388 628.0 3 1474.0 3429.0 1.29
369 389 629.0 3 3669.0 7840.0 1.29
370 389 629.0 3 4759.0 3898.0 0.98
371 391 631.0 3 4978.0 4613.0 0.35
372 392 632.0 3 7851.0 4159.0 1.91
373 393 633.0 3 5065.0 4940.0 0.62
374 394 634.0 3 5377.0 2763.0 0.57
375 396 636.0 3 6213.0 7696.0 1.97
376 397 637.0 3 2545.0 3802.0 1.46
377 399 639.0 3 3593.0 5112.0 0.58
378 399 639.0 3 8944.0 4236.0 1.54
379 399 639.0 3 4200.0 5308.0 1.41
380 400 640.0 3 6463.0 2896.0 0.64
381 402 642.0 3 2894.0 6410.0 0.63
382 403 643.0 3 5576.0 2295.0 1.93
383 404 644.0 3 5003.0 2290.0 1.48
384 404 644.0 3 3953.0 9361.0 1.18
385 405 645.0 3 4819.0 2238.0 1.58
386 405 645.0 3 6366.0 4873.0 0.85
387 406 646.0 3 6015.0 5267.0 0.71
388 407 647.0 3 3906.0 9515.0 1.18
389 408 648.0 3 5100.0 4352.0 0.5
390 408 648.0 3 3969.0 6510.0 0.56
391 411 651.0 3 877.0 4361.0 0.39
392 411 651.0 3 5498.0 470.0 0.85
393 413 653.0 3 4243.0 8438.0 1.15
394 413 653.0 3 3566.0 3163.0 0.56
395 414 654.0 3 5305.0 6342.0 1.04
396 415 655.0 3 5390.0 4990.0 0.58
397 416 656.0 3 7675.0 3825.0 1.47
398 418 658.0 3 3926.0 6577.0 1.07
399 419 659.0 3 6127.0 5901.0 0.8
400 419 659.0 3 2917.0 2850.0 1.98
0 0 540 30 5000 5000 0
Num_drones 24
