Drone_data                      
          q_d       2.3     [Kg]
            W       1.5     [Kg]
            m       1.5     [Kg]
            g      9.81   [N/Kg]
        rho_d     1.204 [Kg/m^3]
         xi_d    0.0064    [m^2]
          h_d         6         
KWh_conv_fact  0.000017         
      ce_unit       306  [â‚¬/KWh]

Battery_data                      
             E_min  10.00  percent
             E_max 100.00  percent
           under_E  10.00  percent
max_energy_density   0.27 [KWh/Kg]
 minutes_conv_fact   0.60         
    charging power   0.90  [KW/Kg]
           omega_0   0.00         
               rho  20.00  minutes

Customers_data 
id t l_i st_i x_i y_i q_i
1 0 240.0 3 9004.0 6273.0 0.34
2 3 243.0 3 1973.0 7333.0 1.15
3 3 243.0 3 1998.0 7364.0 0.44
4 4 244.0 3 486.0 6437.0 1.21
5 4 244.0 3 4012.0 1550.0 1.78
6 5 245.0 3 4305.0 5992.0 1.37
7 5 245.0 3 2548.0 1056.0 0.67
8 5 245.0 3 6990.0 3372.0 0.86
9 6 246.0 3 8829.0 8167.0 1.58
10 6 246.0 3 7601.0 2267.0 1.37
11 8 248.0 3 3187.0 1366.0 1.81
12 9 249.0 3 3244.0 3683.0 1.25
13 10 250.0 3 8131.0 8524.0 1.19
14 12 252.0 3 5101.0 8661.0 1.83
15 12 252.0 3 248.0 6012.0 1.64
16 15 255.0 3 4618.0 8936.0 0.5
17 15 255.0 3 8670.0 8792.0 1.61
18 17 257.0 3 772.0 6635.0 1.01
19 18 258.0 3 4537.0 4988.0 1.66
20 20 260.0 3 6777.0 1662.0 1.13
21 20 260.0 3 8432.0 9170.0 1.21
22 20 260.0 3 3084.0 9816.0 0.82
23 21 261.0 3 4998.0 2650.0 1.29
24 22 262.0 3 2763.0 5819.0 0.93
25 24 264.0 3 7359.0 9938.0 1.37
26 24 264.0 3 1324.0 5481.0 1.43
27 24 264.0 3 1029.0 3814.0 1.33
28 24 264.0 3 2303.0 919.0 0.52
29 26 266.0 3 4379.0 4321.0 1.07
30 28 268.0 3 5411.0 2531.0 1.48
31 29 269.0 3 3880.0 8526.0 1.35
32 30 270.0 3 6444.0 3213.0 1.44
33 31 271.0 3 6107.0 4542.0 1.17
34 31 271.0 3 6297.0 2252.0 1.12
35 32 272.0 3 6445.0 1744.0 1.35
36 33 273.0 3 9562.0 7361.0 1.0
37 36 276.0 3 3058.0 5000.0 1.66
38 36 276.0 3 1422.0 4670.0 1.33
39 37 277.0 3 8970.0 9260.0 1.24
40 37 277.0 3 8758.0 9207.0 0.47
41 38 278.0 3 9708.0 2151.0 1.09
42 40 280.0 3 1216.0 6047.0 0.57
43 40 280.0 3 9972.0 5648.0 0.8
44 41 281.0 3 902.0 7281.0 0.64
45 41 281.0 3 2497.0 4262.0 1.05
46 41 281.0 3 2351.0 974.0 1.53
47 43 283.0 3 6607.0 2108.0 1.79
48 44 284.0 3 2803.0 6192.0 1.38
49 45 285.0 3 2267.0 6858.0 0.54
50 45 285.0 3 5613.0 2453.0 1.55
51 46 286.0 3 502.0 3824.0 0.39
52 47 287.0 3 1664.0 5025.0 1.79
53 48 288.0 3 7379.0 5811.0 0.31
54 48 288.0 3 8848.0 4503.0 1.12
55 51 291.0 3 6792.0 3442.0 0.64
56 52 292.0 3 1465.0 5069.0 0.47
57 55 295.0 3 5219.0 9750.0 0.89
58 55 295.0 3 6007.0 2737.0 0.7
59 57 297.0 3 6904.0 648.0 0.32
60 57 297.0 3 5607.0 8017.0 1.36
61 61 301.0 3 4489.0 6644.0 1.98
62 62 302.0 3 4766.0 6116.0 1.6
63 63 303.0 3 5022.0 6896.0 1.34
64 64 304.0 3 5273.0 8131.0 1.71
65 65 305.0 3 8619.0 1811.0 1.53
66 65 305.0 3 7369.0 6608.0 1.14
67 65 305.0 3 5150.0 781.0 0.85
68 66 306.0 3 2876.0 6558.0 1.72
69 68 308.0 3 5988.0 3312.0 0.93
70 69 309.0 3 4199.0 8671.0 1.88
71 69 309.0 3 8811.0 1983.0 1.86
72 70 310.0 3 1823.0 1931.0 1.36
73 70 310.0 3 4130.0 3714.0 1.8
74 70 310.0 3 327.0 7562.0 1.44
75 72 312.0 3 8093.0 6563.0 1.56
76 73 313.0 3 4021.0 3032.0 1.18
77 74 314.0 3 4459.0 5922.0 0.76
78 75 315.0 3 1964.0 9453.0 1.06
79 75 315.0 3 3195.0 2376.0 1.22
80 76 316.0 3 6903.0 864.0 1.51
81 80 320.0 3 8227.0 1885.0 1.38
82 80 320.0 3 4780.0 1724.0 1.95
83 81 321.0 3 82.0 6986.0 0.48
84 81 321.0 3 7678.0 3644.0 1.93
85 83 323.0 3 7491.0 495.0 0.98
86 85 325.0 3 4552.0 8955.0 1.82
87 86 326.0 3 5627.0 1490.0 1.21
88 86 326.0 3 7124.0 1079.0 0.71
89 86 326.0 3 9085.0 9070.0 0.99
90 86 326.0 3 310.0 8582.0 0.44
91 87 327.0 3 6772.0 3042.0 0.92
92 87 327.0 3 9827.0 1093.0 0.46
93 88 328.0 3 2068.0 5718.0 0.85
94 92 332.0 3 4651.0 9303.0 0.97
95 93 333.0 3 6293.0 6230.0 0.95
96 93 333.0 3 1703.0 5110.0 1.19
97 94 334.0 3 3160.0 5536.0 0.59
98 96 336.0 3 8200.0 8186.0 0.88
99 96 336.0 3 7001.0 8631.0 1.6
100 97 337.0 3 656.0 390.0 1.01
101 101 341.0 3 4863.0 6328.0 1.32
102 103 343.0 3 4.0 6967.0 0.58
103 103 343.0 3 8256.0 5619.0 0.9
104 104 344.0 3 6612.0 428.0 1.67
105 109 349.0 3 3504.0 9906.0 0.44
106 110 350.0 3 866.0 8929.0 0.38
107 112 352.0 3 7481.0 2809.0 1.5
108 112 352.0 3 5749.0 8739.0 0.84
109 112 352.0 3 1361.0 7125.0 1.86
110 113 353.0 3 7846.0 7146.0 1.5
111 115 355.0 3 1845.0 7502.0 1.53
112 116 356.0 3 2396.0 1225.0 1.13
113 117 357.0 3 2294.0 2822.0 0.56
114 118 358.0 3 453.0 5244.0 0.92
115 119 359.0 3 3707.0 658.0 1.05
116 119 359.0 3 8746.0 10.0 0.76
117 120 360.0 3 3365.0 6270.0 1.58
118 121 361.0 3 4264.0 1331.0 0.55
119 123 363.0 3 6783.0 5360.0 0.42
120 123 363.0 3 3341.0 8725.0 1.66
121 124 364.0 3 4991.0 2769.0 0.83
122 124 364.0 3 7362.0 1615.0 0.34
123 125 365.0 3 8249.0 5876.0 0.82
124 125 365.0 3 5592.0 8093.0 0.84
125 125 365.0 3 3395.0 6228.0 0.79
126 125 365.0 3 2626.0 1704.0 1.14
127 126 366.0 3 6937.0 2732.0 0.73
128 129 369.0 3 652.0 7640.0 0.8
129 129 369.0 3 3969.0 485.0 1.92
130 130 370.0 3 8579.0 5257.0 1.35
131 134 374.0 3 4464.0 3877.0 1.21
132 134 374.0 3 6740.0 7178.0 0.59
133 136 376.0 3 6525.0 5390.0 0.38
134 137 377.0 3 1742.0 5761.0 1.96
135 137 377.0 3 4148.0 9101.0 1.65
136 138 378.0 3 1950.0 4443.0 0.74
137 139 379.0 3 2484.0 4971.0 1.84
138 139 379.0 3 8275.0 4668.0 1.97
139 141 381.0 3 72.0 3360.0 0.36
140 142 382.0 3 2192.0 7448.0 0.51
141 143 383.0 3 8024.0 5849.0 1.58
142 145 385.0 3 8588.0 3227.0 1.02
143 145 385.0 3 5328.0 3689.0 0.54
144 145 385.0 3 7114.0 6244.0 1.83
145 147 387.0 3 1188.0 5476.0 1.01
146 147 387.0 3 8988.0 2025.0 1.16
147 147 387.0 3 8575.0 8171.0 1.55
148 148 388.0 3 2501.0 653.0 0.42
149 150 390.0 3 3599.0 5265.0 1.18
150 150 390.0 3 6867.0 6944.0 0.97
151 150 390.0 3 5407.0 6556.0 1.01
152 150 390.0 3 3792.0 3077.0 0.36
153 151 391.0 3 1740.0 6433.0 0.9
154 154 394.0 3 7864.0 4304.0 1.44
155 154 394.0 3 8305.0 1002.0 0.73
156 156 396.0 3 5872.0 3493.0 0.59
157 156 396.0 3 8413.0 7456.0 1.72
158 156 396.0 3 8783.0 9041.0 0.71
159 156 396.0 3 6768.0 4693.0 0.46
160 157 397.0 3 1754.0 5812.0 0.66
161 158 398.0 3 3198.0 4298.0 0.7
162 158 398.0 3 2569.0 1592.0 1.53
163 159 399.0 3 246.0 9221.0 0.71
164 159 399.0 3 7146.0 3524.0 1.77
165 159 399.0 3 4378.0 9395.0 0.41
166 159 399.0 3 1405.0 467.0 1.3
167 162 402.0 3 1827.0 5631.0 1.54
168 162 402.0 3 9300.0 7942.0 0.46
169 162 402.0 3 1738.0 2868.0 1.09
170 164 404.0 3 5274.0 2599.0 1.78
171 165 405.0 3 5157.0 4326.0 1.17
172 166 406.0 3 6314.0 728.0 1.71
173 166 406.0 3 9914.0 4470.0 0.8
174 167 407.0 3 9752.0 4212.0 0.52
175 167 407.0 3 1771.0 4857.0 1.43
176 168 408.0 3 7537.0 1267.0 1.62
177 168 408.0 3 2719.0 4632.0 1.98
178 172 412.0 3 7515.0 1654.0 0.44
179 173 413.0 3 8688.0 2971.0 0.7
180 173 413.0 3 7503.0 4447.0 0.46
181 174 414.0 3 8438.0 4803.0 1.38
182 175 415.0 3 3306.0 3514.0 1.25
183 176 416.0 3 4580.0 6156.0 1.4
184 178 418.0 3 4603.0 7328.0 0.79
185 178 418.0 3 3280.0 128.0 0.86
186 178 418.0 3 9783.0 7094.0 1.09
187 179 419.0 3 2054.0 4341.0 1.49
188 180 420.0 3 408.0 7182.0 1.9
189 181 421.0 3 6890.0 803.0 0.59
190 186 426.0 3 3702.0 1655.0 1.48
191 188 428.0 3 443.0 4191.0 1.08
192 189 429.0 3 4501.0 4.0 1.63
193 189 429.0 3 2112.0 6276.0 0.65
194 191 431.0 3 3268.0 9786.0 1.55
195 192 432.0 3 5604.0 7916.0 0.76
196 194 434.0 3 3298.0 9974.0 1.26
197 194 434.0 3 8968.0 6848.0 0.46
198 195 435.0 3 7232.0 9477.0 1.09
199 195 435.0 3 3745.0 1462.0 0.6
200 198 438.0 3 9671.0 6024.0 1.85
201 199 439.0 3 4556.0 5050.0 1.0
202 199 439.0 3 7982.0 4252.0 1.62
203 200 440.0 3 1491.0 4981.0 1.0
204 202 442.0 3 4198.0 9954.0 1.31
205 203 443.0 3 6358.0 4507.0 1.76
206 204 444.0 3 3420.0 1544.0 1.74
207 205 445.0 3 4729.0 194.0 1.19
208 206 446.0 3 1459.0 4281.0 1.09
209 209 449.0 3 2297.0 2616.0 1.38
210 209 449.0 3 4408.0 3477.0 1.69
211 209 449.0 3 8981.0 1195.0 1.02
212 209 449.0 3 7470.0 5701.0 1.36
213 211 451.0 3 7935.0 6245.0 1.1
214 212 452.0 3 3627.0 6224.0 0.71
215 212 452.0 3 4000.0 9983.0 0.45
216 213 453.0 3 6592.0 320.0 1.65
217 214 454.0 3 9644.0 6847.0 0.67
218 214 454.0 3 597.0 4009.0 1.3
219 216 456.0 3 217.0 4601.0 0.87
220 216 456.0 3 8788.0 9787.0 0.88
221 217 457.0 3 2851.0 4369.0 0.81
222 217 457.0 3 3029.0 3602.0 1.66
223 217 457.0 3 2343.0 9502.0 0.82
224 220 460.0 3 6406.0 6428.0 1.56
225 221 461.0 3 8468.0 260.0 0.57
226 222 462.0 3 4234.0 5622.0 1.23
227 224 464.0 3 7655.0 3885.0 0.91
228 224 464.0 3 3305.0 5636.0 1.61
229 225 465.0 3 6141.0 4685.0 0.94
230 226 466.0 3 4388.0 6673.0 0.44
231 226 466.0 3 1920.0 5651.0 0.53
232 226 466.0 3 3253.0 8783.0 1.0
233 228 468.0 3 2092.0 5807.0 0.61
234 228 468.0 3 1277.0 2270.0 0.48
235 230 470.0 3 2785.0 9589.0 0.44
236 234 474.0 3 2696.0 7521.0 1.34
237 235 475.0 3 7206.0 1639.0 0.87
238 236 476.0 3 529.0 674.0 0.76
239 237 477.0 3 6319.0 9333.0 1.29
240 238 478.0 3 163.0 3007.0 1.44
241 239 479.0 3 7543.0 6827.0 1.27
242 240 480.0 3 7790.0 2464.0 0.56
243 241 481.0 3 4700.0 6499.0 1.51
244 242 482.0 3 8073.0 7567.0 1.48
245 242 482.0 3 4607.0 1931.0 1.75
246 243 483.0 3 5393.0 2417.0 1.33
247 244 484.0 3 923.0 4477.0 1.27
248 244 484.0 3 8058.0 7502.0 0.53
249 245 485.0 3 5244.0 7793.0 1.4
250 246 486.0 3 583.0 5362.0 0.47
251 247 487.0 3 8704.0 5605.0 1.89
252 248 488.0 3 649.0 5181.0 1.35
253 248 488.0 3 3686.0 970.0 1.58
254 248 488.0 3 7682.0 2008.0 1.21
255 252 492.0 3 4597.0 3839.0 0.43
256 252 492.0 3 7829.0 9418.0 1.33
257 253 493.0 3 5994.0 2700.0 1.25
258 253 493.0 3 5730.0 1812.0 0.69
259 254 494.0 3 8156.0 6438.0 1.23
260 254 494.0 3 2087.0 4188.0 1.72
261 255 495.0 3 6342.0 1308.0 1.23
262 257 497.0 3 5106.0 4524.0 1.23
263 257 497.0 3 4309.0 5035.0 0.63
264 259 499.0 3 3470.0 9913.0 0.76
265 261 501.0 3 2150.0 3631.0 1.03
266 262 502.0 3 2607.0 2659.0 1.48
267 263 503.0 3 2077.0 304.0 1.35
268 265 505.0 3 8666.0 52.0 0.7
269 265 505.0 3 9666.0 455.0 0.49
270 266 506.0 3 1240.0 2589.0 1.08
271 267 507.0 3 8226.0 9957.0 0.95
272 269 509.0 3 6842.0 6515.0 1.17
273 271 511.0 3 7401.0 337.0 1.59
274 274 514.0 3 3582.0 9360.0 1.06
275 276 516.0 3 2091.0 7632.0 0.58
276 276 516.0 3 736.0 1419.0 0.93
277 278 518.0 3 5788.0 8407.0 0.96
278 281 521.0 3 8654.0 1909.0 0.33
279 282 522.0 3 3604.0 8098.0 0.39
280 283 523.0 3 7605.0 2156.0 1.79
281 283 523.0 3 2463.0 8721.0 0.39
282 283 523.0 3 1738.0 9577.0 0.55
283 284 524.0 3 9616.0 6217.0 0.41
284 285 525.0 3 8868.0 2407.0 0.73
285 287 527.0 3 6498.0 1452.0 1.27
286 288 528.0 3 5904.0 9614.0 1.32
287 289 529.0 3 6111.0 5547.0 0.52
288 292 532.0 3 8459.0 4146.0 1.47
289 293 533.0 3 6516.0 88.0 0.99
290 293 533.0 3 1557.0 9392.0 0.97
291 294 534.0 3 1124.0 4818.0 0.78
292 294 534.0 3 798.0 6724.0 1.92
293 295 535.0 3 4573.0 4214.0 1.42
294 296 536.0 3 4936.0 7563.0 0.98
295 298 538.0 3 1432.0 4256.0 1.97
296 300 540.0 3 7248.0 3410.0 1.71
297 302 542.0 3 9336.0 1337.0 0.95
298 302 542.0 3 2155.0 6987.0 1.49
299 302 542.0 3 4654.0 8765.0 0.39
300 303 543.0 3 6830.0 8070.0 0.7
301 303 543.0 3 8539.0 7226.0 1.24
302 304 544.0 3 762.0 6439.0 1.64
303 304 544.0 3 5954.0 3913.0 0.98
304 306 546.0 3 1910.0 1146.0 0.49
305 308 548.0 3 5095.0 6440.0 1.73
306 308 548.0 3 1763.0 1065.0 1.98
307 309 549.0 3 8929.0 4361.0 0.91
308 309 549.0 3 9290.0 9180.0 0.46
309 310 550.0 3 8257.0 7907.0 1.82
310 311 551.0 3 4343.0 5546.0 0.41
311 312 552.0 3 5440.0 7356.0 0.7
312 312 552.0 3 2941.0 3850.0 0.56
313 314 554.0 3 7437.0 1297.0 0.88
314 315 555.0 3 7699.0 9233.0 1.44
315 315 555.0 3 4085.0 6525.0 1.52
316 318 558.0 3 9115.0 4565.0 0.65
317 320 560.0 3 7135.0 5423.0 0.63
318 324 564.0 3 2876.0 9835.0 0.49
319 325 565.0 3 4590.0 2943.0 1.64
320 325 565.0 3 3715.0 1714.0 1.85
321 325 565.0 3 8205.0 5405.0 1.71
322 326 566.0 3 4851.0 6982.0 0.93
323 328 568.0 3 7304.0 3319.0 1.33
324 329 569.0 3 8329.0 3803.0 0.51
325 331 571.0 3 369.0 8271.0 0.95
326 331 571.0 3 845.0 3584.0 1.78
327 333 573.0 3 9151.0 2465.0 1.52
328 333 573.0 3 9475.0 3543.0 1.41
329 334 574.0 3 8290.0 5733.0 1.98
330 334 574.0 3 7239.0 568.0 1.31
331 339 579.0 3 3116.0 8688.0 1.42
332 340 580.0 3 2531.0 3312.0 0.92
333 342 582.0 3 4727.0 502.0 0.93
334 343 583.0 3 4930.0 328.0 1.44
335 345 585.0 3 6576.0 5699.0 1.2
336 345 585.0 3 7559.0 4532.0 1.77
337 345 585.0 3 5437.0 9987.0 1.63
338 346 586.0 3 352.0 8361.0 1.26
339 347 587.0 3 5452.0 1430.0 1.01
340 351 591.0 3 5686.0 7347.0 1.86
341 351 591.0 3 8606.0 9652.0 1.15
342 352 592.0 3 4822.0 9787.0 1.0
343 352 592.0 3 3366.0 6365.0 1.03
344 352 592.0 3 6965.0 192.0 0.61
345 353 593.0 3 8010.0 4348.0 1.8
346 354 594.0 3 2700.0 4897.0 0.94
347 354 594.0 3 4571.0 2514.0 0.71
348 356 596.0 3 1234.0 3460.0 0.96
349 356 596.0 3 7969.0 4404.0 1.8
350 358 598.0 3 2790.0 212.0 0.85
351 359 599.0 3 8469.0 9344.0 1.26
352 359 599.0 3 2073.0 2504.0 1.18
353 361 601.0 3 8746.0 8566.0 1.14
354 362 602.0 3 7035.0 4467.0 0.6
355 363 603.0 3 119.0 802.0 0.42
356 364 604.0 3 6693.0 9420.0 1.86
357 365 605.0 3 959.0 9477.0 0.48
358 368 608.0 3 7366.0 8884.0 1.39
359 368 608.0 3 7313.0 9943.0 1.14
360 369 609.0 3 3326.0 907.0 1.17
361 370 610.0 3 4056.0 9052.0 1.94
362 371 611.0 3 3661.0 9694.0 0.9
363 372 612.0 3 2863.0 6487.0 1.83
364 372 612.0 3 5380.0 5737.0 0.33
365 376 616.0 3 4028.0 5797.0 1.0
366 378 618.0 3 6022.0 801.0 1.18
367 379 619.0 3 6738.0 1973.0 1.08
368 379 619.0 3 8093.0 8700.0 1.34
369 379 619.0 3 6689.0 3041.0 0.51
370 380 620.0 3 5928.0 7549.0 0.79
371 381 621.0 3 4027.0 204.0 0.71
372 381 621.0 3 8859.0 2143.0 1.59
373 384 624.0 3 1421.0 7452.0 0.68
374 385 625.0 3 7658.0 6883.0 1.48
375 387 627.0 3 9461.0 7636.0 1.36
376 387 627.0 3 4246.0 6368.0 1.91
377 387 627.0 3 3615.0 6767.0 1.48
378 389 629.0 3 3449.0 1435.0 1.28
379 389 629.0 3 9142.0 4831.0 1.42
380 389 629.0 3 2449.0 844.0 0.56
381 390 630.0 3 4709.0 3522.0 1.83
382 391 631.0 3 7873.0 4083.0 1.54
383 391 631.0 3 5470.0 2310.0 1.54
384 393 633.0 3 3833.0 8965.0 0.4
385 393 633.0 3 9833.0 287.0 0.56
386 396 636.0 3 6787.0 1994.0 0.94
387 399 639.0 3 1784.0 5668.0 1.61
388 402 642.0 3 672.0 8602.0 0.39
389 403 643.0 3 3063.0 5254.0 1.4
390 404 644.0 3 6816.0 3479.0 1.18
391 405 645.0 3 607.0 6523.0 1.18
392 406 646.0 3 1886.0 6683.0 1.17
393 407 647.0 3 2405.0 8544.0 1.01
394 408 648.0 3 6632.0 2702.0 0.91
395 409 649.0 3 599.0 8210.0 0.7
396 410 650.0 3 3083.0 6743.0 1.47
397 414 654.0 3 8626.0 6155.0 0.41
398 414 654.0 3 2737.0 2387.0 1.49
399 416 656.0 3 5312.0 7326.0 1.58
400 416 656.0 3 8808.0 4581.0 1.02
0 0 540 30 5000 5000 0
Num_drones 24
