Drone_data                      
          q_d       2.3     [Kg]
            W       1.5     [Kg]
            m       1.5     [Kg]
            g      9.81   [N/Kg]
        rho_d     1.204 [Kg/m^3]
         xi_d    0.0064    [m^2]
          h_d         6         
KWh_conv_fact  0.000017         
      ce_unit       306  [â‚¬/KWh]

Battery_data                      
             E_min  10.00  percent
             E_max 100.00  percent
           under_E  10.00  percent
max_energy_density   0.27 [KWh/Kg]
 minutes_conv_fact   0.60         
    charging power   0.90  [KW/Kg]
           omega_0   0.00         
               rho  20.00  minutes

Customers_data 
id t l_i st_i x_i y_i q_i
1 0 240.0 3 5948.0 5035.0 1.95
2 1 241.0 3 7781.0 7122.0 1.71
3 2 242.0 3 8222.0 7538.0 0.54
4 2 242.0 3 5775.0 8901.0 0.98
5 3 243.0 3 5875.0 3390.0 0.81
6 4 244.0 3 6280.0 5207.0 0.97
7 4 244.0 3 2173.0 4736.0 1.75
8 6 246.0 3 5406.0 982.0 1.11
9 7 247.0 3 1223.0 5273.0 1.68
10 8 248.0 3 5770.0 5269.0 0.55
11 10 250.0 3 7756.0 1338.0 1.57
12 11 251.0 3 8998.0 5101.0 0.36
13 12 252.0 3 3527.0 9692.0 1.65
14 12 252.0 3 6360.0 6818.0 1.32
15 13 253.0 3 1911.0 1065.0 0.44
16 14 254.0 3 8687.0 8569.0 0.35
17 14 254.0 3 4361.0 2795.0 1.24
18 16 256.0 3 749.0 4929.0 1.61
19 17 257.0 3 6678.0 5851.0 1.01
20 18 258.0 3 5053.0 699.0 1.88
21 18 258.0 3 4096.0 4031.0 1.56
22 19 259.0 3 6977.0 4150.0 1.07
23 21 261.0 3 4333.0 2167.0 0.74
24 21 261.0 3 3528.0 4967.0 1.69
25 22 262.0 3 7879.0 3025.0 0.82
26 26 266.0 3 370.0 4813.0 0.71
27 27 267.0 3 5683.0 3347.0 1.2
28 30 270.0 3 3324.0 807.0 1.62
29 33 273.0 3 5891.0 9788.0 1.56
30 34 274.0 3 1413.0 5430.0 1.41
31 34 274.0 3 8807.0 8040.0 0.45
32 34 274.0 3 3626.0 9395.0 1.05
33 34 274.0 3 4142.0 8264.0 0.78
34 35 275.0 3 6574.0 2195.0 0.55
35 37 277.0 3 4516.0 30.0 0.33
36 38 278.0 3 2827.0 7768.0 1.33
37 41 281.0 3 1280.0 2673.0 0.88
38 42 282.0 3 6306.0 5205.0 0.45
39 43 283.0 3 4477.0 6691.0 0.55
40 44 284.0 3 6041.0 2242.0 1.28
41 44 284.0 3 291.0 2008.0 1.24
42 45 285.0 3 342.0 3728.0 1.69
43 46 286.0 3 9449.0 2718.0 0.71
44 47 287.0 3 6940.0 6965.0 0.57
45 48 288.0 3 2067.0 1947.0 0.91
46 49 289.0 3 3423.0 5332.0 0.33
47 51 291.0 3 9364.0 915.0 0.34
48 53 293.0 3 7990.0 7146.0 1.06
49 55 295.0 3 1115.0 470.0 1.23
50 56 296.0 3 4930.0 7518.0 1.51
51 59 299.0 3 8591.0 2424.0 0.53
52 60 300.0 3 7620.0 5610.0 0.3
53 62 302.0 3 2556.0 4727.0 0.49
54 62 302.0 3 4576.0 6607.0 1.48
55 63 303.0 3 3196.0 6565.0 0.97
56 65 305.0 3 3547.0 4691.0 1.07
57 66 306.0 3 7771.0 8580.0 1.7
58 67 307.0 3 8177.0 3413.0 1.29
59 67 307.0 3 1205.0 2834.0 1.89
60 71 311.0 3 1199.0 8993.0 1.6
61 71 311.0 3 6508.0 2655.0 1.92
62 71 311.0 3 1657.0 5971.0 1.4
63 72 312.0 3 3944.0 186.0 0.5
64 72 312.0 3 1885.0 1093.0 0.5
65 73 313.0 3 5088.0 5405.0 1.83
66 74 314.0 3 7062.0 2822.0 1.23
67 75 315.0 3 5543.0 4162.0 0.83
68 75 315.0 3 3898.0 57.0 0.64
69 76 316.0 3 3778.0 1567.0 1.42
70 77 317.0 3 5212.0 9814.0 1.0
71 77 317.0 3 1684.0 4240.0 1.86
72 78 318.0 3 3038.0 7651.0 0.99
73 79 319.0 3 1534.0 8573.0 0.8
74 80 320.0 3 1546.0 7010.0 1.88
75 80 320.0 3 9867.0 5170.0 1.94
76 81 321.0 3 3135.0 4975.0 1.41
77 83 323.0 3 7208.0 8790.0 0.81
78 84 324.0 3 5163.0 7179.0 1.01
79 85 325.0 3 5382.0 9922.0 0.38
80 86 326.0 3 9682.0 2006.0 1.48
81 86 326.0 3 2780.0 3458.0 1.55
82 86 326.0 3 2057.0 2489.0 0.54
83 88 328.0 3 4257.0 5332.0 0.36
84 90 330.0 3 8269.0 6035.0 1.75
85 90 330.0 3 1814.0 7585.0 1.22
86 91 331.0 3 8863.0 1005.0 1.33
87 92 332.0 3 3650.0 1280.0 1.03
88 93 333.0 3 240.0 8860.0 0.57
89 93 333.0 3 5973.0 8568.0 1.71
90 94 334.0 3 9004.0 6485.0 1.28
91 94 334.0 3 9898.0 6294.0 0.66
92 94 334.0 3 3454.0 1137.0 1.3
93 94 334.0 3 6102.0 9550.0 0.59
94 95 335.0 3 3506.0 9271.0 0.51
95 98 338.0 3 4698.0 9744.0 0.41
96 98 338.0 3 7013.0 6887.0 1.97
97 98 338.0 3 7032.0 537.0 0.51
98 100 340.0 3 9907.0 6691.0 0.86
99 100 340.0 3 6772.0 3184.0 1.8
100 103 343.0 3 7311.0 2666.0 1.96
101 105 345.0 3 9175.0 4806.0 1.5
102 105 345.0 3 6151.0 6811.0 0.39
103 108 348.0 3 3145.0 6006.0 0.67
104 109 349.0 3 2732.0 6113.0 0.68
105 111 351.0 3 2290.0 9866.0 0.67
106 112 352.0 3 9689.0 4161.0 0.74
107 112 352.0 3 987.0 3579.0 0.63
108 113 353.0 3 9720.0 3926.0 1.82
109 115 355.0 3 5370.0 4734.0 0.81
110 115 355.0 3 6699.0 9547.0 1.47
111 118 358.0 3 2941.0 9226.0 1.24
112 119 359.0 3 1485.0 6227.0 0.47
113 119 359.0 3 4538.0 6202.0 1.81
114 120 360.0 3 1982.0 8744.0 1.64
115 121 361.0 3 2548.0 6159.0 1.76
116 122 362.0 3 4715.0 7482.0 1.48
117 122 362.0 3 9738.0 3753.0 0.41
118 125 365.0 3 2992.0 5611.0 1.21
119 125 365.0 3 7898.0 8778.0 1.39
120 125 365.0 3 5411.0 9853.0 1.53
121 126 366.0 3 9120.0 6085.0 1.52
122 128 368.0 3 5177.0 9720.0 1.71
123 130 370.0 3 9837.0 2465.0 0.77
124 132 372.0 3 7702.0 9380.0 0.7
125 133 373.0 3 9843.0 5434.0 1.7
126 134 374.0 3 3260.0 4084.0 1.14
127 135 375.0 3 7740.0 3845.0 0.38
128 135 375.0 3 2026.0 4958.0 1.79
129 136 376.0 3 9627.0 3276.0 1.69
130 137 377.0 3 6218.0 6912.0 1.53
131 139 379.0 3 7155.0 1241.0 0.86
132 139 379.0 3 8370.0 7552.0 2.0
133 144 384.0 3 4745.0 6774.0 1.89
134 144 384.0 3 2953.0 1751.0 0.38
135 144 384.0 3 1894.0 2408.0 0.66
136 145 385.0 3 5187.0 2970.0 1.7
137 145 385.0 3 4160.0 8917.0 1.06
138 145 385.0 3 1117.0 2279.0 0.57
139 146 386.0 3 4004.0 5851.0 0.96
140 146 386.0 3 3196.0 6830.0 0.97
141 146 386.0 3 5845.0 7846.0 1.02
142 147 387.0 3 9950.0 5110.0 0.37
143 148 388.0 3 4370.0 2506.0 0.35
144 149 389.0 3 1091.0 2891.0 1.89
145 151 391.0 3 3626.0 909.0 1.44
146 153 393.0 3 8913.0 1933.0 1.88
147 154 394.0 3 5278.0 9362.0 1.02
148 155 395.0 3 7872.0 6122.0 0.72
149 158 398.0 3 5187.0 5936.0 0.68
150 159 399.0 3 6697.0 5770.0 0.76
151 159 399.0 3 2700.0 881.0 1.76
152 160 400.0 3 7551.0 6323.0 0.57
153 164 404.0 3 9907.0 8906.0 0.78
154 166 406.0 3 661.0 3948.0 1.14
155 169 409.0 3 6784.0 6896.0 1.85
156 170 410.0 3 4978.0 6237.0 1.48
157 170 410.0 3 7229.0 3407.0 1.83
158 172 412.0 3 7913.0 9134.0 0.66
159 178 418.0 3 2902.0 1176.0 1.68
160 178 418.0 3 6458.0 6194.0 1.91
161 180 420.0 3 4479.0 8866.0 1.37
162 181 421.0 3 4514.0 3300.0 0.53
163 181 421.0 3 4480.0 9707.0 1.18
164 183 423.0 3 1052.0 3915.0 1.98
165 184 424.0 3 288.0 7030.0 0.64
166 185 425.0 3 7605.0 6910.0 1.16
167 185 425.0 3 9842.0 5367.0 0.75
168 189 429.0 3 4357.0 970.0 0.67
169 190 430.0 3 2548.0 5993.0 1.67
170 191 431.0 3 3961.0 1456.0 1.65
171 192 432.0 3 5599.0 6086.0 1.92
172 192 432.0 3 6879.0 510.0 1.18
173 193 433.0 3 3032.0 7288.0 1.12
174 195 435.0 3 9884.0 2814.0 1.12
175 196 436.0 3 3918.0 2334.0 1.07
176 196 436.0 3 4122.0 6973.0 1.27
177 196 436.0 3 4776.0 855.0 0.77
178 198 438.0 3 8480.0 8903.0 1.56
179 199 439.0 3 7985.0 3770.0 0.35
180 199 439.0 3 2519.0 9816.0 0.98
181 201 441.0 3 5460.0 9503.0 0.86
182 203 443.0 3 3859.0 3723.0 0.87
183 204 444.0 3 8414.0 6784.0 1.0
184 204 444.0 3 5845.0 5021.0 1.89
185 204 444.0 3 2558.0 9062.0 1.45
186 204 444.0 3 2134.0 8289.0 1.17
187 205 445.0 3 8276.0 9005.0 1.04
188 205 445.0 3 6280.0 5402.0 1.75
189 207 447.0 3 1443.0 4742.0 1.94
190 207 447.0 3 6156.0 552.0 1.41
191 211 451.0 3 1874.0 4036.0 1.76
192 211 451.0 3 9435.0 5802.0 0.96
193 212 452.0 3 1732.0 5492.0 1.56
194 214 454.0 3 6486.0 3789.0 1.96
195 217 457.0 3 2075.0 8995.0 1.48
196 217 457.0 3 4997.0 344.0 1.52
197 217 457.0 3 5860.0 1543.0 1.5
198 218 458.0 3 4577.0 4389.0 1.61
199 219 459.0 3 523.0 8941.0 0.58
200 220 460.0 3 3025.0 594.0 0.47
201 221 461.0 3 5243.0 2170.0 1.36
202 221 461.0 3 6175.0 4860.0 0.75
203 223 463.0 3 3943.0 657.0 0.61
204 223 463.0 3 867.0 5278.0 1.05
205 225 465.0 3 4041.0 7131.0 1.32
206 225 465.0 3 4789.0 5452.0 0.36
207 225 465.0 3 5572.0 7329.0 1.41
208 226 466.0 3 6367.0 9406.0 1.12
209 227 467.0 3 6797.0 8333.0 0.51
210 227 467.0 3 5927.0 5688.0 0.79
211 230 470.0 3 3767.0 2098.0 0.73
212 231 471.0 3 5338.0 1243.0 0.67
213 232 472.0 3 9573.0 3837.0 1.15
214 234 474.0 3 7671.0 7336.0 1.23
215 235 475.0 3 8508.0 7354.0 1.1
216 237 477.0 3 3699.0 4171.0 1.8
217 238 478.0 3 3526.0 1385.0 0.63
218 238 478.0 3 3833.0 5397.0 0.3
219 239 479.0 3 4670.0 4679.0 1.39
220 239 479.0 3 2082.0 9318.0 1.31
221 240 480.0 3 5657.0 4607.0 1.07
222 240 480.0 3 2745.0 669.0 1.59
223 242 482.0 3 6082.0 2650.0 1.83
224 244 484.0 3 2247.0 1919.0 0.85
225 245 485.0 3 5036.0 7041.0 1.82
226 246 486.0 3 1158.0 8714.0 0.46
227 248 488.0 3 3557.0 1745.0 1.36
228 249 489.0 3 7791.0 6498.0 1.67
229 250 490.0 3 2358.0 6878.0 0.55
230 250 490.0 3 4439.0 4491.0 0.6
231 250 490.0 3 8983.0 9921.0 0.8
232 251 491.0 3 4589.0 8488.0 0.9
233 251 491.0 3 932.0 3395.0 1.25
234 253 493.0 3 5319.0 1253.0 1.71
235 254 494.0 3 1066.0 1470.0 0.42
236 254 494.0 3 162.0 2406.0 1.37
237 254 494.0 3 5762.0 2226.0 1.86
238 256 496.0 3 8179.0 4117.0 0.57
239 256 496.0 3 219.0 2650.0 1.4
240 259 499.0 3 3956.0 8923.0 1.27
241 259 499.0 3 6233.0 5033.0 1.91
242 259 499.0 3 5279.0 4733.0 1.97
243 260 500.0 3 2649.0 3097.0 1.68
244 262 502.0 3 8338.0 6153.0 1.33
245 263 503.0 3 8511.0 1798.0 1.49
246 264 504.0 3 3790.0 4453.0 1.01
247 266 506.0 3 1667.0 2715.0 1.27
248 267 507.0 3 7917.0 7561.0 0.37
249 267 507.0 3 3777.0 4806.0 1.15
250 267 507.0 3 9807.0 3967.0 1.76
251 270 510.0 3 8045.0 7400.0 1.99
252 271 511.0 3 4603.0 9437.0 0.9
253 271 511.0 3 1052.0 4025.0 1.86
254 272 512.0 3 3721.0 1569.0 1.24
255 272 512.0 3 6039.0 6019.0 0.39
256 272 512.0 3 6222.0 3051.0 0.73
257 274 514.0 3 792.0 7001.0 0.97
258 274 514.0 3 803.0 7106.0 1.14
259 274 514.0 3 8571.0 3869.0 0.3
260 274 514.0 3 3342.0 2882.0 1.32
261 277 517.0 3 8964.0 7787.0 1.31
262 277 517.0 3 9355.0 626.0 0.83
263 279 519.0 3 2687.0 6496.0 1.24
264 280 520.0 3 5431.0 7712.0 0.55
265 281 521.0 3 8943.0 4246.0 1.95
266 282 522.0 3 9247.0 497.0 0.4
267 285 525.0 3 6310.0 6780.0 1.69
268 285 525.0 3 3448.0 5230.0 0.83
269 286 526.0 3 6882.0 6568.0 1.73
270 287 527.0 3 9641.0 1495.0 0.36
271 291 531.0 3 7193.0 5520.0 0.74
272 291 531.0 3 6426.0 7543.0 0.52
273 291 531.0 3 8879.0 4485.0 1.03
274 292 532.0 3 5231.0 2926.0 1.89
275 294 534.0 3 9287.0 3965.0 1.33
276 294 534.0 3 3628.0 5222.0 1.56
277 295 535.0 3 3761.0 9601.0 1.3
278 296 536.0 3 3999.0 8527.0 1.89
279 296 536.0 3 6220.0 9140.0 1.2
280 296 536.0 3 7207.0 4653.0 0.53
281 297 537.0 3 3852.0 6487.0 1.12
282 298 538.0 3 8589.0 6919.0 1.61
283 299 539.0 3 6462.0 7344.0 0.86
284 299 539.0 3 453.0 6024.0 0.87
285 300 540.0 3 7999.0 6672.0 1.24
286 301 541.0 3 5035.0 4665.0 1.99
287 303 543.0 3 3307.0 8425.0 1.6
288 304 544.0 3 5564.0 737.0 1.4
289 304 544.0 3 5476.0 4519.0 0.32
290 304 544.0 3 5746.0 6089.0 1.41
291 305 545.0 3 4758.0 9891.0 1.55
292 305 545.0 3 389.0 6238.0 0.71
293 307 547.0 3 6969.0 1483.0 1.63
294 307 547.0 3 7531.0 2974.0 1.62
295 308 548.0 3 9324.0 9070.0 0.38
296 309 549.0 3 8991.0 7125.0 0.75
297 310 550.0 3 4459.0 8239.0 1.27
298 315 555.0 3 5354.0 5608.0 1.35
299 318 558.0 3 7581.0 4333.0 0.58
300 320 560.0 3 4600.0 8362.0 1.44
301 321 561.0 3 2476.0 2459.0 0.39
302 322 562.0 3 5817.0 405.0 1.73
303 322 562.0 3 9504.0 2617.0 0.69
304 323 563.0 3 1828.0 2820.0 1.6
305 324 564.0 3 6594.0 2795.0 1.95
306 325 565.0 3 3198.0 6225.0 1.49
307 328 568.0 3 4791.0 1697.0 1.85
308 329 569.0 3 7362.0 2581.0 1.93
309 329 569.0 3 9027.0 6288.0 1.85
310 329 569.0 3 6371.0 8065.0 1.64
311 330 570.0 3 2436.0 1465.0 0.91
312 331 571.0 3 6973.0 202.0 1.54
313 336 576.0 3 7684.0 4478.0 0.93
314 337 577.0 3 4828.0 2654.0 1.33
315 337 577.0 3 7880.0 5353.0 0.7
316 338 578.0 3 9505.0 5450.0 0.61
317 338 578.0 3 632.0 3572.0 0.9
318 338 578.0 3 5218.0 8781.0 0.32
319 339 579.0 3 1802.0 5128.0 2.0
320 339 579.0 3 7345.0 3492.0 0.35
321 343 583.0 3 3564.0 2155.0 1.89
322 345 585.0 3 6713.0 8616.0 1.07
323 347 587.0 3 7040.0 3163.0 1.11
324 347 587.0 3 2996.0 3119.0 0.47
325 347 587.0 3 2869.0 410.0 0.78
326 348 588.0 3 6519.0 8577.0 1.51
327 348 588.0 3 6529.0 181.0 0.94
328 349 589.0 3 7208.0 2021.0 1.7
329 349 589.0 3 7466.0 9618.0 1.43
330 349 589.0 3 6032.0 968.0 0.6
331 351 591.0 3 5812.0 9750.0 0.9
332 353 593.0 3 7355.0 2842.0 1.78
333 354 594.0 3 964.0 2881.0 0.9
334 355 595.0 3 7291.0 4725.0 1.13
335 355 595.0 3 5667.0 2071.0 1.07
336 356 596.0 3 925.0 3946.0 1.6
337 357 597.0 3 7823.0 251.0 0.53
338 358 598.0 3 4787.0 9178.0 0.52
339 358 598.0 3 2395.0 842.0 1.56
340 359 599.0 3 7728.0 8093.0 1.82
341 359 599.0 3 6903.0 9569.0 1.86
342 360 600.0 3 2547.0 403.0 1.05
343 361 601.0 3 5515.0 6997.0 0.87
344 361 601.0 3 139.0 5067.0 1.09
345 361 601.0 3 5298.0 1644.0 0.74
346 362 602.0 3 3134.0 2993.0 1.12
347 364 604.0 3 4064.0 650.0 1.99
348 365 605.0 3 2932.0 4826.0 1.26
349 366 606.0 3 7241.0 7665.0 0.87
350 367 607.0 3 3772.0 1129.0 0.68
351 367 607.0 3 9352.0 2339.0 1.34
352 369 609.0 3 3791.0 1656.0 0.59
353 370 610.0 3 4647.0 3479.0 1.45
354 370 610.0 3 6294.0 2887.0 1.11
355 370 610.0 3 1405.0 4604.0 1.91
356 370 610.0 3 5322.0 5790.0 1.1
357 372 612.0 3 6683.0 2374.0 0.59
358 373 613.0 3 2679.0 3890.0 1.96
359 373 613.0 3 9565.0 6628.0 1.56
360 376 616.0 3 8446.0 7531.0 1.65
361 376 616.0 3 2604.0 2819.0 0.92
362 378 618.0 3 35.0 5226.0 0.32
363 379 619.0 3 7008.0 8765.0 0.71
364 380 620.0 3 8093.0 3797.0 1.3
365 380 620.0 3 2507.0 9237.0 0.51
366 380 620.0 3 9932.0 3380.0 1.38
367 380 620.0 3 9103.0 7780.0 0.99
368 383 623.0 3 2382.0 2735.0 1.99
369 383 623.0 3 482.0 6361.0 1.69
370 384 624.0 3 7225.0 6689.0 1.8
371 384 624.0 3 4088.0 9752.0 1.82
372 384 624.0 3 8377.0 2762.0 1.8
373 386 626.0 3 2294.0 8031.0 0.74
374 388 628.0 3 6604.0 3604.0 0.55
375 388 628.0 3 967.0 3449.0 1.1
376 392 632.0 3 3435.0 2278.0 1.61
377 393 633.0 3 395.0 3946.0 0.39
378 395 635.0 3 2866.0 8327.0 1.34
379 395 635.0 3 2806.0 5880.0 0.66
380 396 636.0 3 1016.0 188.0 0.88
381 397 637.0 3 1674.0 8863.0 0.81
382 397 637.0 3 5942.0 7185.0 0.77
383 400 640.0 3 3309.0 216.0 1.88
384 400 640.0 3 433.0 1902.0 0.84
385 400 640.0 3 9966.0 3464.0 1.45
386 400 640.0 3 8870.0 6681.0 0.78
387 400 640.0 3 13.0 5550.0 0.42
388 400 640.0 3 2277.0 2251.0 1.08
389 401 641.0 3 1993.0 7370.0 0.46
390 402 642.0 3 3847.0 7235.0 1.38
391 404 644.0 3 8212.0 4849.0 1.42
392 404 644.0 3 9516.0 7652.0 0.56
393 404 644.0 3 5244.0 9348.0 0.57
394 407 647.0 3 819.0 7648.0 1.57
395 410 650.0 3 1214.0 6477.0 1.38
396 411 651.0 3 2578.0 4760.0 0.68
397 413 653.0 3 1717.0 2655.0 0.67
398 413 653.0 3 4938.0 4017.0 1.15
399 417 657.0 3 9390.0 8977.0 0.67
400 418 658.0 3 7357.0 1452.0 1.83
0 0 540 30 5000 5000 0
Num_drones 24
