Drone_data                      
          q_d       2.3     [Kg]
            W       1.5     [Kg]
            m       1.5     [Kg]
            g      9.81   [N/Kg]
        rho_d     1.204 [Kg/m^3]
         xi_d    0.0064    [m^2]
          h_d         6         
KWh_conv_fact  0.000017         
      ce_unit       306  [â‚¬/KWh]

Battery_data                      
             E_min  10.00  percent
             E_max 100.00  percent
           under_E  10.00  percent
max_energy_density   0.27 [KWh/Kg]
 minutes_conv_fact   0.60         
    charging power   0.90  [KW/Kg]
           omega_0   0.00         
               rho  20.00  minutes

Customers_data 
id t l_i st_i x_i y_i q_i
1 0 240.0 3 5407.0 6751.0 1.49
2 0 240.0 3 6584.0 3931.0 0.97
3 3 243.0 3 9454.0 3081.0 1.27
4 3 243.0 3 9062.0 5202.0 1.44
5 4 244.0 3 2090.0 9180.0 1.72
6 4 244.0 3 5846.0 5241.0 1.4
7 5 245.0 3 4450.0 4372.0 0.55
8 6 246.0 3 1377.0 6722.0 1.17
9 6 246.0 3 6295.0 9204.0 0.87
10 9 249.0 3 3112.0 8341.0 1.51
11 10 250.0 3 3866.0 4239.0 0.97
12 11 251.0 3 5555.0 7948.0 1.74
13 11 251.0 3 7500.0 8452.0 0.51
14 11 251.0 3 5909.0 9648.0 0.94
15 11 251.0 3 7869.0 7545.0 0.57
16 12 252.0 3 7594.0 4697.0 1.81
17 12 252.0 3 6402.0 2672.0 1.21
18 12 252.0 3 7605.0 4161.0 1.46
19 16 256.0 3 8449.0 4661.0 0.84
20 20 260.0 3 5679.0 2213.0 1.26
21 20 260.0 3 4177.0 3658.0 1.32
22 21 261.0 3 5331.0 6417.0 1.08
23 21 261.0 3 6833.0 3705.0 1.74
24 24 264.0 3 3600.0 7132.0 1.66
25 24 264.0 3 3561.0 7850.0 0.59
26 25 265.0 3 3433.0 5483.0 1.43
27 26 266.0 3 4828.0 3139.0 0.84
28 28 268.0 3 4797.0 5288.0 0.64
29 28 268.0 3 7079.0 5780.0 0.53
30 29 269.0 3 5485.0 4364.0 0.91
31 29 269.0 3 6927.0 2605.0 1.42
32 31 271.0 3 3624.0 4924.0 1.66
33 33 273.0 3 4418.0 5644.0 0.84
34 33 273.0 3 5223.0 6603.0 1.03
35 35 275.0 3 9547.0 7794.0 0.62
36 36 276.0 3 6883.0 2363.0 0.78
37 37 277.0 3 5874.0 5581.0 0.4
38 38 278.0 3 4501.0 6035.0 1.49
39 38 278.0 3 4767.0 2521.0 0.75
40 40 280.0 3 6581.0 4487.0 1.88
41 41 281.0 3 4495.0 5821.0 1.98
42 41 281.0 3 4471.0 5586.0 1.54
43 41 281.0 3 1481.0 3524.0 0.61
44 41 281.0 3 5289.0 9988.0 1.29
45 41 281.0 3 8604.0 7319.0 1.7
46 43 283.0 3 10556.0 5220.0 1.22
47 44 284.0 3 3591.0 6678.0 1.51
48 45 285.0 3 930.0 4878.0 1.09
49 45 285.0 3 4729.0 5662.0 1.65
50 47 287.0 3 5551.0 8451.0 1.34
51 47 287.0 3 5699.0 2593.0 1.81
52 47 287.0 3 8935.0 10245.0 0.57
53 48 288.0 3 5809.0 6541.0 1.09
54 48 288.0 3 2587.0 2958.0 0.49
55 50 290.0 3 2823.0 7323.0 1.83
56 51 291.0 3 8095.0 8259.0 0.48
57 53 293.0 3 5177.0 4193.0 0.56
58 58 298.0 3 2460.0 9379.0 1.67
59 58 298.0 3 4925.0 2611.0 0.3
60 58 298.0 3 4323.0 5721.0 0.76
61 59 299.0 3 -1256.0 5973.0 0.57
62 60 300.0 3 -362.0 5042.0 0.46
63 64 304.0 3 7519.0 8893.0 1.3
64 64 304.0 3 7687.0 5768.0 1.02
65 64 304.0 3 4322.0 9564.0 0.95
66 65 305.0 3 4335.0 3668.0 1.02
67 66 306.0 3 2234.0 736.0 0.68
68 66 306.0 3 4723.0 2643.0 1.1
69 68 308.0 3 2551.0 7010.0 1.96
70 68 308.0 3 3894.0 7256.0 1.11
71 70 310.0 3 3375.0 1229.0 1.9
72 70 310.0 3 3907.0 3854.0 1.73
73 70 310.0 3 5360.0 5343.0 1.69
74 72 312.0 3 4272.0 8565.0 1.73
75 72 312.0 3 4768.0 8673.0 0.38
76 73 313.0 3 8677.0 1442.0 1.94
77 74 314.0 3 7716.0 1298.0 1.61
78 74 314.0 3 5475.0 3909.0 0.74
79 75 315.0 3 9346.0 5678.0 0.32
80 76 316.0 3 6007.0 8407.0 1.69
81 78 318.0 3 3574.0 4706.0 1.76
82 79 319.0 3 6395.0 6544.0 0.44
83 79 319.0 3 7013.0 2445.0 1.48
84 84 324.0 3 154.0 3951.0 1.36
85 85 325.0 3 4626.0 3703.0 1.71
86 85 325.0 3 2680.0 8678.0 0.67
87 86 326.0 3 3679.0 2197.0 1.67
88 87 327.0 3 5598.0 5906.0 1.88
89 87 327.0 3 7114.0 7754.0 1.23
90 87 327.0 3 199.0 8665.0 0.95
91 88 328.0 3 3292.0 2928.0 1.27
92 89 329.0 3 5673.0 2349.0 0.81
93 89 329.0 3 5154.0 2254.0 1.4
94 90 330.0 3 7767.0 7280.0 1.1
95 91 331.0 3 7512.0 4562.0 0.45
96 94 334.0 3 2902.0 3434.0 0.98
97 97 337.0 3 3266.0 4288.0 1.92
98 97 337.0 3 806.0 4923.0 0.84
99 97 337.0 3 4187.0 5412.0 0.89
100 100 340.0 3 3764.0 3503.0 1.74
101 101 341.0 3 5686.0 745.0 1.38
102 102 342.0 3 6398.0 9008.0 1.89
103 104 344.0 3 1939.0 8063.0 0.36
104 105 345.0 3 5151.0 7447.0 0.97
105 105 345.0 3 1297.0 3829.0 0.75
106 105 345.0 3 6376.0 4149.0 1.09
107 105 345.0 3 4552.0 7843.0 0.51
108 105 345.0 3 6985.0 6188.0 1.18
109 107 347.0 3 7941.0 3028.0 1.61
110 109 349.0 3 876.0 2304.0 1.05
111 109 349.0 3 3764.0 4735.0 1.23
112 111 351.0 3 8724.0 4802.0 1.2
113 112 352.0 3 9085.0 6678.0 1.88
114 112 352.0 3 5654.0 4774.0 1.77
115 113 353.0 3 758.0 5907.0 1.09
116 114 354.0 3 7089.0 7741.0 1.12
117 115 355.0 3 4525.0 6362.0 1.12
118 116 356.0 3 8932.0 4694.0 0.34
119 116 356.0 3 6307.0 4299.0 1.49
120 116 356.0 3 7044.0 1727.0 1.69
121 117 357.0 3 2041.0 5681.0 1.06
122 123 363.0 3 7309.0 4404.0 0.65
123 124 364.0 3 6503.0 10181.0 1.59
124 124 364.0 3 4053.0 4468.0 1.67
125 125 365.0 3 3472.0 7614.0 1.44
126 125 365.0 3 9103.0 3960.0 1.99
127 125 365.0 3 5559.0 80.0 1.82
128 126 366.0 3 1876.0 4753.0 0.52
129 128 368.0 3 6728.0 4427.0 1.81
130 129 369.0 3 6516.0 2279.0 1.31
131 129 369.0 3 6969.0 2521.0 0.71
132 130 370.0 3 5290.0 4236.0 1.64
133 130 370.0 3 1304.0 3602.0 0.81
134 130 370.0 3 6481.0 3354.0 0.97
135 130 370.0 3 4227.0 3246.0 0.37
136 131 371.0 3 2435.0 4611.0 0.81
137 131 371.0 3 5340.0 9859.0 1.73
138 131 371.0 3 3342.0 5584.0 1.35
139 132 372.0 3 4622.0 6855.0 1.57
140 135 375.0 3 2266.0 3192.0 0.56
141 135 375.0 3 3526.0 6652.0 1.24
142 136 376.0 3 4620.0 7190.0 0.5
143 137 377.0 3 6422.0 1473.0 0.82
144 138 378.0 3 3392.0 2357.0 1.21
145 140 380.0 3 6038.0 4812.0 1.0
146 140 380.0 3 1267.0 3822.0 1.32
147 141 381.0 3 7706.0 6700.0 0.64
148 142 382.0 3 5420.0 3200.0 1.15
149 146 386.0 3 3491.0 8150.0 1.66
150 147 387.0 3 5680.0 7294.0 1.46
151 147 387.0 3 1435.0 3560.0 1.87
152 147 387.0 3 3632.0 3121.0 1.75
153 152 392.0 3 5615.0 5979.0 0.71
154 152 392.0 3 4692.0 3266.0 0.69
155 152 392.0 3 6792.0 4543.0 1.36
156 152 392.0 3 2752.0 8878.0 0.57
157 152 392.0 3 3844.0 11023.0 0.45
158 153 393.0 3 5946.0 3375.0 1.33
159 153 393.0 3 3715.0 1261.0 1.63
160 153 393.0 3 5136.0 -834.0 0.32
161 154 394.0 3 5898.0 3381.0 1.12
162 155 395.0 3 3682.0 4386.0 1.15
163 155 395.0 3 6453.0 7253.0 1.0
164 157 397.0 3 9560.0 8840.0 1.06
165 160 400.0 3 2598.0 3394.0 0.33
166 162 402.0 3 7878.0 2410.0 0.32
167 162 402.0 3 2646.0 3064.0 1.96
168 162 402.0 3 6251.0 3654.0 1.44
169 163 403.0 3 4586.0 5798.0 1.45
170 164 404.0 3 1654.0 1253.0 1.84
171 165 405.0 3 3976.0 4740.0 1.34
172 166 406.0 3 2265.0 5622.0 0.77
173 169 409.0 3 6768.0 3147.0 1.48
174 169 409.0 3 6770.0 1574.0 0.82
175 171 411.0 3 4974.0 2525.0 0.91
176 173 413.0 3 3262.0 3051.0 0.94
177 174 414.0 3 10027.0 5156.0 1.16
178 175 415.0 3 7726.0 8835.0 0.43
179 177 417.0 3 2568.0 5702.0 1.51
180 178 418.0 3 5915.0 3144.0 1.74
181 178 418.0 3 6592.0 535.0 1.94
182 178 418.0 3 8053.0 1429.0 1.73
183 181 421.0 3 7341.0 10545.0 0.35
184 184 424.0 3 4034.0 5172.0 0.48
185 185 425.0 3 6139.0 7166.0 0.51
186 185 425.0 3 7553.0 4069.0 0.45
187 188 428.0 3 6729.0 5700.0 0.44
188 189 429.0 3 4804.0 5117.0 0.53
189 193 433.0 3 5076.0 7724.0 1.37
190 194 434.0 3 1810.0 3626.0 1.14
191 196 436.0 3 5375.0 6215.0 1.83
192 196 436.0 3 5480.0 8234.0 1.81
193 197 437.0 3 3314.0 6877.0 1.86
194 198 438.0 3 8443.0 3936.0 1.09
195 199 439.0 3 3893.0 7096.0 0.61
196 200 440.0 3 3120.0 6849.0 0.43
197 201 441.0 3 1148.0 5126.0 0.86
198 201 441.0 3 5456.0 5883.0 1.89
199 202 442.0 3 2759.0 3017.0 0.58
200 203 443.0 3 2284.0 3527.0 0.87
201 205 445.0 3 6018.0 2047.0 0.64
202 205 445.0 3 4275.0 3946.0 1.09
203 206 446.0 3 5765.0 10751.0 0.98
204 208 448.0 3 5711.0 2840.0 1.61
205 208 448.0 3 4398.0 7098.0 1.45
206 209 449.0 3 5377.0 8832.0 0.6
207 210 450.0 3 5418.0 7462.0 1.02
208 212 452.0 3 4333.0 1442.0 1.25
209 215 455.0 3 3125.0 5451.0 0.4
210 216 456.0 3 3545.0 5861.0 0.47
211 218 458.0 3 5895.0 4164.0 1.22
212 220 460.0 3 4995.0 5915.0 1.38
213 223 463.0 3 4614.0 7098.0 1.18
214 224 464.0 3 3944.0 7385.0 0.64
215 226 466.0 3 1956.0 2611.0 0.83
216 226 466.0 3 4152.0 5378.0 1.58
217 226 466.0 3 1754.0 5181.0 1.02
218 228 468.0 3 863.0 3025.0 0.86
219 228 468.0 3 3450.0 3973.0 0.55
220 230 470.0 3 6064.0 1459.0 1.4
221 230 470.0 3 8512.0 5587.0 0.31
222 230 470.0 3 3026.0 8447.0 0.82
223 233 473.0 3 2874.0 5546.0 1.63
224 235 475.0 3 2512.0 4940.0 1.92
225 238 478.0 3 6811.0 4001.0 1.69
226 240 480.0 3 5264.0 4438.0 1.65
227 240 480.0 3 8760.0 6216.0 0.42
228 241 481.0 3 5396.0 2793.0 0.8
229 242 482.0 3 5104.0 6483.0 0.95
230 243 483.0 3 3337.0 3487.0 0.97
231 244 484.0 3 4184.0 4735.0 1.84
232 244 484.0 3 8712.0 8461.0 0.97
233 244 484.0 3 1678.0 2691.0 1.48
234 245 485.0 3 10304.0 6935.0 0.77
235 250 490.0 3 5637.0 3542.0 0.32
236 255 495.0 3 6484.0 4292.0 0.63
237 255 495.0 3 1453.0 6996.0 1.4
238 256 496.0 3 1557.0 2870.0 0.97
239 259 499.0 3 4820.0 6507.0 1.04
240 260 500.0 3 2038.0 1598.0 0.74
241 261 501.0 3 7679.0 2814.0 1.45
242 261 501.0 3 6839.0 5300.0 0.7
243 262 502.0 3 4473.0 4559.0 1.25
244 262 502.0 3 5358.0 4160.0 1.45
245 263 503.0 3 7586.0 7460.0 0.76
246 266 506.0 3 7052.0 5912.0 1.61
247 267 507.0 3 4026.0 9216.0 1.64
248 267 507.0 3 6560.0 4227.0 1.69
249 267 507.0 3 1605.0 2394.0 0.43
250 268 508.0 3 8404.0 5470.0 0.56
251 268 508.0 3 1577.0 6369.0 0.53
252 271 511.0 3 8293.0 5610.0 1.8
253 271 511.0 3 3773.0 4178.0 0.76
254 273 513.0 3 4880.0 3757.0 0.9
255 273 513.0 3 4821.0 4703.0 1.97
256 274 514.0 3 7234.0 8127.0 1.51
257 274 514.0 3 7059.0 7675.0 1.43
258 274 514.0 3 8051.0 2619.0 0.9
259 274 514.0 3 6765.0 7057.0 1.06
260 275 515.0 3 8668.0 7099.0 1.56
261 277 517.0 3 5569.0 1867.0 1.71
262 277 517.0 3 8813.0 3136.0 1.67
263 280 520.0 3 8100.0 7463.0 0.72
264 280 520.0 3 3984.0 6846.0 0.8
265 281 521.0 3 -377.0 1328.0 0.63
266 282 522.0 3 8152.0 3544.0 1.53
267 283 523.0 3 7431.0 6496.0 0.74
268 284 524.0 3 5814.0 5896.0 1.5
269 285 525.0 3 -390.0 8171.0 0.77
270 285 525.0 3 2708.0 6242.0 1.0
271 286 526.0 3 2950.0 8900.0 1.92
272 288 528.0 3 6088.0 5784.0 1.62
273 288 528.0 3 6378.0 2157.0 1.81
274 289 529.0 3 1918.0 7387.0 0.66
275 290 530.0 3 2501.0 10155.0 1.26
276 291 531.0 3 2722.0 3207.0 1.23
277 292 532.0 3 7129.0 4739.0 1.84
278 293 533.0 3 4221.0 6754.0 1.87
279 295 535.0 3 4643.0 3868.0 0.36
280 295 535.0 3 3234.0 120.0 1.52
281 298 538.0 3 3654.0 5287.0 1.26
282 299 539.0 3 4799.0 7480.0 1.19
283 300 540.0 3 6705.0 4735.0 1.16
284 301 541.0 3 7806.0 2466.0 1.91
285 302 542.0 3 2961.0 5573.0 1.68
286 303 543.0 3 5938.0 5301.0 1.11
287 303 543.0 3 2768.0 7561.0 1.41
288 303 543.0 3 3777.0 8550.0 0.47
289 303 543.0 3 5586.0 5406.0 0.79
290 304 544.0 3 1889.0 7428.0 1.72
291 307 547.0 3 5053.0 7019.0 1.67
292 308 548.0 3 7093.0 6343.0 0.47
293 308 548.0 3 6596.0 3448.0 0.54
294 308 548.0 3 5375.0 2053.0 1.5
295 310 550.0 3 4955.0 9620.0 0.62
296 310 550.0 3 7715.0 2508.0 1.04
297 312 552.0 3 1552.0 8669.0 0.54
298 312 552.0 3 4053.0 5872.0 1.73
299 314 554.0 3 801.0 2059.0 0.41
300 316 556.0 3 2362.0 1112.0 1.79
301 317 557.0 3 7206.0 4162.0 1.42
302 317 557.0 3 3031.0 5144.0 1.39
303 318 558.0 3 3229.0 4772.0 1.93
304 319 559.0 3 1093.0 7202.0 1.61
305 320 560.0 3 72.0 4593.0 1.78
306 320 560.0 3 7945.0 4782.0 1.67
307 320 560.0 3 5214.0 5089.0 1.57
308 321 561.0 3 5714.0 2054.0 1.37
309 321 561.0 3 3844.0 4235.0 1.0
310 322 562.0 3 4084.0 4522.0 0.91
311 322 562.0 3 7370.0 5015.0 1.31
312 324 564.0 3 1360.0 6929.0 1.75
313 324 564.0 3 944.0 7588.0 1.92
314 324 564.0 3 6199.0 2195.0 1.58
315 325 565.0 3 5931.0 9820.0 0.95
316 326 566.0 3 4661.0 3693.0 1.41
317 327 567.0 3 3495.0 6677.0 0.53
318 327 567.0 3 3465.0 3108.0 1.33
319 328 568.0 3 3369.0 5768.0 1.94
320 328 568.0 3 5739.0 201.0 0.87
321 328 568.0 3 4791.0 11069.0 0.66
322 329 569.0 3 7349.0 6786.0 0.72
323 333 573.0 3 8121.0 6398.0 1.98
324 334 574.0 3 455.0 5105.0 1.45
325 334 574.0 3 4824.0 4895.0 0.46
326 335 575.0 3 3959.0 1733.0 0.62
327 336 576.0 3 6017.0 4248.0 0.85
328 336 576.0 3 5373.0 4074.0 1.01
329 336 576.0 3 6036.0 7526.0 0.33
330 340 580.0 3 4215.0 6837.0 1.79
331 341 581.0 3 5364.0 8090.0 0.9
332 342 582.0 3 3471.0 6233.0 0.4
333 343 583.0 3 2858.0 6894.0 1.34
334 343 583.0 3 3026.0 5071.0 0.58
335 345 585.0 3 6580.0 3395.0 1.98
336 346 586.0 3 6534.0 5689.0 1.56
337 346 586.0 3 6767.0 5397.0 0.46
338 348 588.0 3 5649.0 4776.0 1.26
339 350 590.0 3 3871.0 3208.0 1.63
340 353 593.0 3 6064.0 4094.0 0.58
341 353 593.0 3 4153.0 5175.0 1.05
342 355 595.0 3 5039.0 10371.0 0.4
343 355 595.0 3 5953.0 9290.0 1.81
344 356 596.0 3 3145.0 4316.0 1.19
345 358 598.0 3 2851.0 2232.0 0.82
346 358 598.0 3 5566.0 2390.0 0.43
347 358 598.0 3 6749.0 7339.0 1.2
348 359 599.0 3 6381.0 5263.0 1.55
349 360 600.0 3 4049.0 7604.0 0.39
350 361 601.0 3 6927.0 -86.0 0.95
351 364 604.0 3 3863.0 7025.0 0.57
352 366 606.0 3 2853.0 4485.0 1.99
353 366 606.0 3 6337.0 5176.0 1.86
354 367 607.0 3 3740.0 9672.0 0.8
355 367 607.0 3 8092.0 4868.0 1.57
356 368 608.0 3 8650.0 8277.0 1.91
357 369 609.0 3 7774.0 6553.0 1.97
358 370 610.0 3 2308.0 604.0 0.76
359 371 611.0 3 1879.0 5147.0 1.45
360 371 611.0 3 3363.0 1872.0 1.04
361 374 614.0 3 6409.0 5184.0 0.98
362 375 615.0 3 6692.0 5337.0 1.76
363 378 618.0 3 3676.0 6128.0 0.42
364 379 619.0 3 1972.0 3949.0 0.52
365 379 619.0 3 5378.0 -53.0 1.98
366 380 620.0 3 4153.0 5223.0 1.18
367 383 623.0 3 5153.0 7097.0 1.52
368 385 625.0 3 3466.0 7705.0 1.95
369 385 625.0 3 7205.0 3249.0 0.7
370 385 625.0 3 8281.0 5340.0 0.64
371 387 627.0 3 5518.0 4368.0 0.91
372 389 629.0 3 909.0 1291.0 1.27
373 389 629.0 3 171.0 2936.0 1.61
374 389 629.0 3 5985.0 92.0 1.41
375 390 630.0 3 9103.0 3952.0 0.58
376 392 632.0 3 4379.0 4613.0 1.43
377 394 634.0 3 8151.0 3930.0 1.68
378 395 635.0 3 3529.0 2030.0 1.23
379 395 635.0 3 4342.0 3269.0 1.46
380 396 636.0 3 4388.0 5618.0 1.8
381 397 637.0 3 4415.0 5282.0 0.87
382 397 637.0 3 1425.0 6618.0 0.66
383 398 638.0 3 8185.0 8032.0 1.11
384 399 639.0 3 1475.0 2215.0 1.67
385 399 639.0 3 8152.0 5246.0 0.33
386 399 639.0 3 4924.0 3825.0 1.08
387 402 642.0 3 4444.0 1426.0 1.62
388 404 644.0 3 5692.0 7564.0 0.41
389 406 646.0 3 390.0 2215.0 1.31
390 411 651.0 3 7603.0 6016.0 1.6
391 411 651.0 3 6970.0 7603.0 0.99
392 413 653.0 3 6840.0 9098.0 0.35
393 414 654.0 3 983.0 3937.0 1.3
394 414 654.0 3 3160.0 4755.0 1.73
395 414 654.0 3 5269.0 7966.0 1.55
396 415 655.0 3 1935.0 2758.0 1.51
397 416 656.0 3 2549.0 1005.0 0.47
398 416 656.0 3 4221.0 4273.0 1.74
399 416 656.0 3 3497.0 5239.0 0.61
400 419 659.0 3 4660.0 7365.0 0.46
0 0 540 30 5000 5000 0
Num_drones 24
