Drone_data                      
          q_d       2.3     [Kg]
            W       1.5     [Kg]
            m       1.5     [Kg]
            g      9.81   [N/Kg]
        rho_d     1.204 [Kg/m^3]
         xi_d    0.0064    [m^2]
          h_d         6         
KWh_conv_fact  0.000017         
      ce_unit       306  [â‚¬/KWh]

Battery_data                      
             E_min  10.00  percent
             E_max 100.00  percent
           under_E  10.00  percent
max_energy_density   0.27 [KWh/Kg]
 minutes_conv_fact   0.60         
    charging power   0.90  [KW/Kg]
           omega_0   0.00         
               rho  20.00  minutes

Customers_data 
id t l_i st_i x_i y_i q_i
1 0 240.0 3 1957.0 5502.0 0.82
2 0 240.0 3 8564.0 2012.0 1.99
3 1 241.0 3 4107.0 3715.0 0.76
4 1 241.0 3 6155.0 9743.0 0.93
5 1 241.0 3 3978.0 3983.0 0.65
6 4 244.0 3 352.0 5693.0 1.41
7 4 244.0 3 3426.0 6758.0 0.59
8 5 245.0 3 4330.0 2799.0 0.87
9 6 246.0 3 3140.0 7391.0 0.67
10 6 246.0 3 6065.0 3243.0 0.77
11 6 246.0 3 4783.0 6051.0 0.41
12 8 248.0 3 4602.0 4824.0 1.47
13 8 248.0 3 6119.0 8985.0 1.31
14 9 249.0 3 7144.0 4516.0 1.88
15 10 250.0 3 8341.0 4009.0 1.51
16 11 251.0 3 2071.0 628.0 1.03
17 13 253.0 3 5443.0 2344.0 0.31
18 17 257.0 3 485.0 3331.0 1.66
19 17 257.0 3 3012.0 4056.0 0.99
20 23 263.0 3 3115.0 9920.0 0.36
21 24 264.0 3 2615.0 6376.0 1.12
22 25 265.0 3 5341.0 2532.0 0.37
23 26 266.0 3 5075.0 8522.0 0.79
24 28 268.0 3 6098.0 2041.0 0.47
25 29 269.0 3 -482.0 6348.0 1.06
26 30 270.0 3 2000.0 3397.0 1.08
27 31 271.0 3 8002.0 5138.0 1.01
28 34 274.0 3 3310.0 6779.0 0.99
29 36 276.0 3 4327.0 5608.0 0.64
30 36 276.0 3 4082.0 1056.0 1.45
31 37 277.0 3 8164.0 9256.0 1.34
32 38 278.0 3 4592.0 7338.0 1.33
33 40 280.0 3 1570.0 6436.0 1.28
34 40 280.0 3 4775.0 2572.0 0.32
35 40 280.0 3 3519.0 1519.0 1.94
36 42 282.0 3 5187.0 7802.0 1.86
37 42 282.0 3 3296.0 3850.0 1.29
38 43 283.0 3 8672.0 2032.0 0.91
39 43 283.0 3 9037.0 4124.0 1.26
40 45 285.0 3 7866.0 7557.0 1.25
41 46 286.0 3 4405.0 5679.0 1.3
42 46 286.0 3 5583.0 3265.0 0.69
43 47 287.0 3 6498.0 4673.0 1.5
44 49 289.0 3 919.0 6646.0 1.01
45 51 291.0 3 6097.0 5211.0 0.3
46 53 293.0 3 3778.0 1457.0 1.39
47 54 294.0 3 6619.0 4713.0 1.62
48 54 294.0 3 2955.0 4527.0 1.07
49 56 296.0 3 3733.0 6512.0 1.91
50 56 296.0 3 5918.0 4735.0 0.93
51 59 299.0 3 2745.0 4103.0 1.25
52 60 300.0 3 2190.0 4517.0 1.73
53 60 300.0 3 1890.0 5857.0 0.77
54 60 300.0 3 1023.0 2801.0 1.08
55 62 302.0 3 6971.0 -473.0 1.09
56 62 302.0 3 8183.0 2425.0 0.68
57 63 303.0 3 4653.0 4421.0 1.3
58 64 304.0 3 6034.0 8766.0 1.35
59 64 304.0 3 5214.0 3529.0 1.73
60 65 305.0 3 7180.0 1266.0 1.56
61 65 305.0 3 5481.0 4859.0 0.5
62 65 305.0 3 3473.0 5740.0 1.61
63 69 309.0 3 3121.0 6369.0 0.3
64 70 310.0 3 1184.0 3891.0 1.73
65 70 310.0 3 6937.0 5889.0 1.66
66 70 310.0 3 2697.0 1817.0 1.42
67 71 311.0 3 2488.0 5275.0 1.97
68 71 311.0 3 6198.0 8358.0 0.86
69 71 311.0 3 3982.0 4002.0 1.54
70 72 312.0 3 5309.0 9419.0 1.19
71 73 313.0 3 7465.0 7542.0 1.41
72 74 314.0 3 7025.0 5237.0 0.8
73 74 314.0 3 3776.0 8411.0 1.68
74 74 314.0 3 8804.0 5841.0 1.24
75 75 315.0 3 6473.0 4355.0 0.57
76 78 318.0 3 7689.0 5730.0 0.65
77 78 318.0 3 4945.0 2608.0 1.8
78 80 320.0 3 9851.0 5134.0 0.82
79 84 324.0 3 5997.0 9452.0 1.13
80 84 324.0 3 6267.0 4069.0 1.49
81 85 325.0 3 1672.0 7978.0 1.76
82 86 326.0 3 2638.0 7930.0 1.41
83 86 326.0 3 7352.0 974.0 1.28
84 88 328.0 3 3976.0 5477.0 0.87
85 90 330.0 3 8227.0 7560.0 1.5
86 90 330.0 3 6553.0 2115.0 1.34
87 91 331.0 3 5608.0 1367.0 1.38
88 91 331.0 3 1711.0 4310.0 1.07
89 92 332.0 3 2614.0 4835.0 1.39
90 95 335.0 3 8451.0 4048.0 1.36
91 96 336.0 3 2976.0 5312.0 1.53
92 97 337.0 3 6668.0 1947.0 1.87
93 98 338.0 3 2063.0 1084.0 0.44
94 99 339.0 3 2996.0 5358.0 0.42
95 99 339.0 3 4569.0 8451.0 1.04
96 100 340.0 3 6421.0 4413.0 1.42
97 101 341.0 3 3393.0 9330.0 1.06
98 101 341.0 3 1633.0 5630.0 1.72
99 102 342.0 3 8503.0 7069.0 1.59
100 102 342.0 3 6049.0 6762.0 1.62
101 102 342.0 3 4340.0 2894.0 0.54
102 103 343.0 3 2703.0 4573.0 0.47
103 103 343.0 3 1512.0 3513.0 0.9
104 104 344.0 3 6140.0 8760.0 1.54
105 106 346.0 3 7594.0 5266.0 0.86
106 106 346.0 3 2916.0 3484.0 1.78
107 106 346.0 3 3882.0 79.0 0.88
108 110 350.0 3 2463.0 3452.0 0.77
109 110 350.0 3 9221.0 2860.0 1.09
110 110 350.0 3 6187.0 372.0 1.74
111 110 350.0 3 7728.0 2736.0 1.23
112 112 352.0 3 5180.0 5466.0 0.87
113 114 354.0 3 6331.0 5567.0 1.57
114 116 356.0 3 5381.0 3460.0 0.45
115 116 356.0 3 4526.0 1964.0 0.53
116 121 361.0 3 6301.0 3330.0 0.76
117 121 361.0 3 3272.0 4910.0 0.87
118 122 362.0 3 1494.0 9407.0 0.72
119 126 366.0 3 4370.0 3556.0 1.81
120 126 366.0 3 1504.0 4371.0 0.71
121 128 368.0 3 3399.0 6671.0 1.74
122 128 368.0 3 6550.0 5499.0 1.78
123 129 369.0 3 3973.0 226.0 1.52
124 131 371.0 3 4877.0 3842.0 1.15
125 131 371.0 3 4128.0 8031.0 0.69
126 135 375.0 3 6280.0 3844.0 1.58
127 135 375.0 3 5493.0 8262.0 0.65
128 136 376.0 3 3634.0 7126.0 0.35
129 136 376.0 3 2507.0 4646.0 1.55
130 136 376.0 3 6338.0 3219.0 1.41
131 136 376.0 3 5817.0 6459.0 0.74
132 137 377.0 3 5256.0 4915.0 1.75
133 137 377.0 3 3044.0 3506.0 1.14
134 138 378.0 3 3582.0 3572.0 0.99
135 140 380.0 3 795.0 5964.0 1.94
136 142 382.0 3 6777.0 5220.0 1.86
137 142 382.0 3 4303.0 5076.0 0.62
138 144 384.0 3 1175.0 4882.0 1.51
139 144 384.0 3 6204.0 3841.0 1.4
140 145 385.0 3 8909.0 5330.0 1.93
141 145 385.0 3 4807.0 5506.0 0.4
142 146 386.0 3 4859.0 6096.0 1.57
143 148 388.0 3 7528.0 5724.0 0.76
144 149 389.0 3 6940.0 3710.0 1.74
145 151 391.0 3 6426.0 4429.0 1.96
146 151 391.0 3 6528.0 5930.0 1.56
147 153 393.0 3 437.0 5270.0 0.58
148 153 393.0 3 863.0 7167.0 1.99
149 153 393.0 3 6821.0 3603.0 1.53
150 154 394.0 3 3888.0 6205.0 0.49
151 155 395.0 3 6404.0 8788.0 1.0
152 156 396.0 3 5936.0 6621.0 1.31
153 159 399.0 3 6271.0 6880.0 1.2
154 159 399.0 3 2656.0 7188.0 0.89
155 162 402.0 3 4760.0 5524.0 1.51
156 163 403.0 3 1313.0 4917.0 1.47
157 164 404.0 3 6129.0 3729.0 0.91
158 166 406.0 3 5173.0 5846.0 0.67
159 166 406.0 3 2843.0 1288.0 0.72
160 167 407.0 3 6775.0 3159.0 0.84
161 168 408.0 3 6245.0 6940.0 1.69
162 169 409.0 3 9288.0 6408.0 1.27
163 169 409.0 3 2856.0 3295.0 0.32
164 170 410.0 3 5328.0 3695.0 0.36
165 171 411.0 3 7192.0 3863.0 0.55
166 175 415.0 3 2585.0 5212.0 0.56
167 175 415.0 3 4179.0 6476.0 1.7
168 175 415.0 3 4217.0 5604.0 0.84
169 176 416.0 3 3838.0 5454.0 1.92
170 177 417.0 3 7145.0 6818.0 1.08
171 177 417.0 3 2578.0 4376.0 1.81
172 178 418.0 3 4829.0 6114.0 1.31
173 179 419.0 3 5430.0 3349.0 1.94
174 179 419.0 3 1968.0 5771.0 1.94
175 180 420.0 3 3542.0 211.0 0.68
176 181 421.0 3 3248.0 2233.0 0.33
177 181 421.0 3 2189.0 1324.0 1.16
178 182 422.0 3 8176.0 4287.0 0.47
179 182 422.0 3 5516.0 5669.0 1.37
180 182 422.0 3 3680.0 8454.0 1.89
181 182 422.0 3 2581.0 -812.0 0.64
182 182 422.0 3 4144.0 6020.0 1.17
183 183 423.0 3 9869.0 6432.0 1.74
184 185 425.0 3 5333.0 5738.0 1.88
185 186 426.0 3 5362.0 7889.0 1.24
186 187 427.0 3 5894.0 4594.0 1.27
187 190 430.0 3 4398.0 5040.0 1.51
188 190 430.0 3 4149.0 4598.0 0.93
189 191 431.0 3 3050.0 3856.0 0.47
190 191 431.0 3 6606.0 7342.0 1.16
191 191 431.0 3 5349.0 7467.0 1.28
192 192 432.0 3 3197.0 4436.0 0.38
193 195 435.0 3 4759.0 3462.0 0.91
194 195 435.0 3 1610.0 7978.0 0.64
195 197 437.0 3 4384.0 7520.0 0.67
196 198 438.0 3 4910.0 3219.0 1.87
197 199 439.0 3 4688.0 6267.0 1.28
198 199 439.0 3 3883.0 7082.0 0.73
199 199 439.0 3 10055.0 7741.0 1.08
200 199 439.0 3 5910.0 8180.0 1.33
201 200 440.0 3 2429.0 3294.0 0.77
202 201 441.0 3 -19.0 5731.0 1.77
203 202 442.0 3 5631.0 3753.0 1.0
204 202 442.0 3 2705.0 4598.0 0.81
205 203 443.0 3 3953.0 2834.0 0.57
206 204 444.0 3 6793.0 4616.0 0.35
207 205 445.0 3 9386.0 4518.0 1.74
208 205 445.0 3 2328.0 7363.0 1.49
209 207 447.0 3 5357.0 3742.0 0.96
210 207 447.0 3 7286.0 5390.0 1.01
211 207 447.0 3 5044.0 4633.0 1.08
212 209 449.0 3 9322.0 4691.0 1.07
213 209 449.0 3 4216.0 1420.0 0.71
214 210 450.0 3 7407.0 4220.0 0.47
215 211 451.0 3 3817.0 7173.0 0.81
216 211 451.0 3 7983.0 6736.0 1.22
217 211 451.0 3 4402.0 7147.0 0.48
218 212 452.0 3 2948.0 8807.0 1.21
219 212 452.0 3 2386.0 4254.0 0.56
220 214 454.0 3 5361.0 4459.0 1.57
221 215 455.0 3 5532.0 1686.0 0.85
222 215 455.0 3 7802.0 868.0 0.95
223 216 456.0 3 2288.0 10036.0 0.64
224 217 457.0 3 2352.0 5651.0 1.57
225 218 458.0 3 2154.0 3277.0 1.48
226 219 459.0 3 9105.0 3607.0 1.77
227 221 461.0 3 6391.0 2558.0 0.67
228 222 462.0 3 7919.0 4075.0 0.61
229 223 463.0 3 2085.0 5549.0 1.68
230 224 464.0 3 4767.0 7162.0 1.52
231 226 466.0 3 6335.0 7871.0 1.98
232 226 466.0 3 2932.0 5106.0 1.48
233 226 466.0 3 3640.0 474.0 1.49
234 226 466.0 3 4292.0 2175.0 0.82
235 227 467.0 3 3391.0 3867.0 1.96
236 228 468.0 3 7214.0 6587.0 1.94
237 230 470.0 3 7216.0 5467.0 0.98
238 231 471.0 3 5557.0 4583.0 1.35
239 232 472.0 3 3572.0 6167.0 1.76
240 233 473.0 3 2254.0 5001.0 0.71
241 233 473.0 3 2801.0 3355.0 1.95
242 237 477.0 3 4009.0 4474.0 1.06
243 239 479.0 3 4925.0 3347.0 1.43
244 239 479.0 3 5702.0 5206.0 0.33
245 240 480.0 3 4831.0 3911.0 0.72
246 241 481.0 3 2410.0 2731.0 0.32
247 241 481.0 3 5551.0 6467.0 1.16
248 242 482.0 3 9764.0 2614.0 1.22
249 243 483.0 3 5141.0 7741.0 1.43
250 245 485.0 3 6139.0 8995.0 0.6
251 245 485.0 3 7626.0 4967.0 0.57
252 246 486.0 3 3357.0 4934.0 1.42
253 246 486.0 3 7689.0 3064.0 1.69
254 247 487.0 3 5303.0 7549.0 1.17
255 249 489.0 3 2819.0 8679.0 0.59
256 250 490.0 3 6739.0 5672.0 1.01
257 252 492.0 3 7285.0 4254.0 0.64
258 252 492.0 3 5333.0 8339.0 1.73
259 252 492.0 3 3859.0 3754.0 1.19
260 253 493.0 3 9353.0 8276.0 1.41
261 254 494.0 3 1209.0 4400.0 0.77
262 255 495.0 3 3055.0 3786.0 1.11
263 256 496.0 3 1671.0 7896.0 1.71
264 261 501.0 3 3717.0 3471.0 0.38
265 263 503.0 3 5600.0 2215.0 0.62
266 264 504.0 3 5538.0 8524.0 1.45
267 268 508.0 3 6952.0 8919.0 1.94
268 271 511.0 3 2830.0 11413.0 0.4
269 272 512.0 3 5686.0 4859.0 1.12
270 273 513.0 3 3124.0 6018.0 0.57
271 277 517.0 3 5516.0 1319.0 1.93
272 278 518.0 3 8151.0 7917.0 1.56
273 281 521.0 3 9816.0 6133.0 1.49
274 281 521.0 3 5373.0 4975.0 0.8
275 284 524.0 3 6356.0 4283.0 1.0
276 285 525.0 3 4176.0 6009.0 0.67
277 287 527.0 3 8895.0 9229.0 1.15
278 289 529.0 3 4263.0 4954.0 1.75
279 289 529.0 3 3332.0 5725.0 0.64
280 290 530.0 3 5932.0 6399.0 1.0
281 291 531.0 3 4352.0 1780.0 0.65
282 297 537.0 3 5148.0 7377.0 0.72
283 298 538.0 3 5527.0 6983.0 1.85
284 299 539.0 3 6114.0 7416.0 0.86
285 301 541.0 3 6881.0 7738.0 0.53
286 302 542.0 3 7559.0 4852.0 1.57
287 304 544.0 3 6557.0 2258.0 1.2
288 305 545.0 3 3590.0 5826.0 0.72
289 305 545.0 3 4791.0 5936.0 0.46
290 305 545.0 3 3074.0 5299.0 1.59
291 306 546.0 3 2819.0 4648.0 1.55
292 309 549.0 3 7051.0 5359.0 0.34
293 311 551.0 3 927.0 4858.0 0.97
294 311 551.0 3 5027.0 7636.0 1.36
295 312 552.0 3 5816.0 7710.0 0.66
296 313 553.0 3 5616.0 10493.0 0.38
297 313 553.0 3 4090.0 3620.0 1.94
298 313 553.0 3 3322.0 6381.0 0.48
299 314 554.0 3 5542.0 2249.0 0.48
300 315 555.0 3 3629.0 6454.0 0.56
301 316 556.0 3 6645.0 6144.0 1.75
302 316 556.0 3 1665.0 3389.0 1.77
303 316 556.0 3 9187.0 4117.0 0.34
304 316 556.0 3 3893.0 6795.0 0.82
305 318 558.0 3 3335.0 5432.0 1.0
306 320 560.0 3 4527.0 2183.0 1.51
307 320 560.0 3 1537.0 6014.0 1.49
308 321 561.0 3 5830.0 4221.0 0.53
309 322 562.0 3 3273.0 8504.0 1.07
310 323 563.0 3 4413.0 7403.0 1.85
311 326 566.0 3 4713.0 6492.0 1.53
312 326 566.0 3 8438.0 2668.0 1.38
313 329 569.0 3 2099.0 6549.0 1.97
314 329 569.0 3 -542.0 3811.0 0.79
315 329 569.0 3 7284.0 2448.0 1.42
316 330 570.0 3 743.0 2734.0 0.75
317 331 571.0 3 6131.0 7591.0 0.98
318 332 572.0 3 7990.0 3885.0 2.0
319 334 574.0 3 8729.0 4210.0 1.18
320 335 575.0 3 5639.0 7236.0 1.35
321 338 578.0 3 4644.0 3739.0 1.49
322 339 579.0 3 5780.0 8015.0 1.39
323 341 581.0 3 6051.0 4594.0 1.26
324 342 582.0 3 1841.0 3430.0 0.42
325 343 583.0 3 7082.0 3887.0 1.41
326 344 584.0 3 4148.0 3471.0 1.35
327 345 585.0 3 3901.0 7643.0 1.28
328 346 586.0 3 4714.0 4012.0 1.88
329 346 586.0 3 5512.0 4304.0 1.19
330 349 589.0 3 7255.0 4328.0 1.38
331 352 592.0 3 5873.0 5770.0 1.72
332 353 593.0 3 1367.0 3502.0 1.15
333 354 594.0 3 9017.0 6192.0 1.98
334 354 594.0 3 6660.0 9690.0 1.52
335 354 594.0 3 3135.0 8109.0 1.82
336 357 597.0 3 6425.0 179.0 0.83
337 357 597.0 3 6735.0 3554.0 1.58
338 357 597.0 3 5190.0 8487.0 0.6
339 357 597.0 3 1348.0 5407.0 0.74
340 357 597.0 3 7441.0 2863.0 0.81
341 358 598.0 3 4696.0 231.0 1.33
342 358 598.0 3 6935.0 6595.0 1.81
343 359 599.0 3 6526.0 3733.0 0.71
344 361 601.0 3 8697.0 9645.0 1.06
345 362 602.0 3 2266.0 7470.0 1.21
346 362 602.0 3 5173.0 5602.0 1.66
347 363 603.0 3 6575.0 4635.0 1.51
348 365 605.0 3 6172.0 7215.0 1.81
349 365 605.0 3 3265.0 4700.0 0.94
350 365 605.0 3 162.0 6226.0 1.48
351 366 606.0 3 5098.0 2993.0 1.32
352 367 607.0 3 1683.0 5386.0 0.8
353 368 608.0 3 -1130.0 6411.0 0.4
354 368 608.0 3 5127.0 6965.0 1.09
355 368 608.0 3 4751.0 5966.0 1.02
356 369 609.0 3 2327.0 6552.0 1.22
357 369 609.0 3 1729.0 4130.0 1.16
358 370 610.0 3 5821.0 4978.0 1.86
359 371 611.0 3 5707.0 3069.0 0.75
360 372 612.0 3 8044.0 3837.0 0.3
361 372 612.0 3 3542.0 1538.0 1.94
362 373 613.0 3 5759.0 2873.0 0.57
363 374 614.0 3 4614.0 2750.0 0.49
364 375 615.0 3 5807.0 1796.0 1.67
365 375 615.0 3 2276.0 3996.0 0.78
366 375 615.0 3 3730.0 4833.0 1.93
367 376 616.0 3 4233.0 5875.0 1.77
368 376 616.0 3 7341.0 1759.0 1.66
369 377 617.0 3 3934.0 7113.0 0.53
370 377 617.0 3 2735.0 5848.0 0.78
371 381 621.0 3 3764.0 2588.0 1.38
372 381 621.0 3 7881.0 3013.0 1.98
373 382 622.0 3 5225.0 1464.0 1.4
374 390 630.0 3 3464.0 1447.0 0.32
375 391 631.0 3 2536.0 5182.0 0.88
376 392 632.0 3 6099.0 2106.0 0.74
377 394 634.0 3 6484.0 5308.0 1.51
378 395 635.0 3 5941.0 3772.0 1.21
379 395 635.0 3 6918.0 9777.0 1.26
380 395 635.0 3 7408.0 7186.0 0.53
381 396 636.0 3 6120.0 250.0 0.51
382 396 636.0 3 8725.0 2860.0 1.49
383 397 637.0 3 8457.0 3918.0 1.42
384 397 637.0 3 5127.0 4092.0 1.22
385 401 641.0 3 9114.0 6278.0 0.69
386 402 642.0 3 4662.0 7462.0 0.84
387 402 642.0 3 4118.0 2268.0 0.99
388 403 643.0 3 7114.0 1901.0 1.15
389 404 644.0 3 6031.0 3613.0 0.39
390 405 645.0 3 3666.0 7113.0 0.43
391 406 646.0 3 9766.0 7995.0 0.94
392 407 647.0 3 4906.0 6783.0 0.51
393 408 648.0 3 2570.0 10782.0 0.89
394 412 652.0 3 4396.0 2375.0 0.59
395 412 652.0 3 8849.0 7297.0 0.9
396 416 656.0 3 8124.0 4854.0 1.54
397 417 657.0 3 7399.0 8031.0 0.45
398 418 658.0 3 5246.0 6248.0 1.57
399 418 658.0 3 6372.0 7744.0 1.66
400 419 659.0 3 1199.0 6181.0 1.51
0 0 540 30 5000 5000 0
Num_drones 24
