Drone_data                      
          q_d       2.3     [Kg]
            W       1.5     [Kg]
            m       1.5     [Kg]
            g      9.81   [N/Kg]
        rho_d     1.204 [Kg/m^3]
         xi_d    0.0064    [m^2]
          h_d         6         
KWh_conv_fact  0.000017         
      ce_unit       306  [â‚¬/KWh]

Battery_data                      
             E_min  10.00  percent
             E_max 100.00  percent
           under_E  10.00  percent
max_energy_density   0.27 [KWh/Kg]
 minutes_conv_fact   0.60         
    charging power   0.90  [KW/Kg]
           omega_0   0.00         
               rho  20.00  minutes

Customers_data 
id t l_i st_i x_i y_i q_i
1 0 240.0 3 5453.0 7494.0 1.38
2 2 242.0 3 6432.0 4837.0 1.47
3 3 243.0 3 1226.0 7417.0 1.0
4 5 245.0 3 6414.0 4927.0 1.07
5 6 246.0 3 4906.0 2459.0 1.21
6 8 248.0 3 6005.0 3692.0 0.39
7 8 248.0 3 4866.0 2475.0 1.32
8 8 248.0 3 5544.0 2107.0 1.82
9 9 249.0 3 3139.0 3005.0 1.88
10 11 251.0 3 2347.0 4394.0 1.94
11 12 252.0 3 6944.0 7350.0 1.08
12 14 254.0 3 8100.0 4646.0 0.5
13 15 255.0 3 4454.0 4222.0 1.41
14 16 256.0 3 7816.0 9664.0 0.45
15 17 257.0 3 7961.0 10328.0 0.5
16 17 257.0 3 1699.0 5317.0 0.48
17 18 258.0 3 3572.0 8085.0 0.61
18 18 258.0 3 2704.0 3038.0 1.74
19 18 258.0 3 9584.0 3208.0 1.86
20 21 261.0 3 3035.0 4679.0 0.8
21 22 262.0 3 7144.0 4765.0 1.82
22 23 263.0 3 4529.0 3405.0 1.24
23 24 264.0 3 8911.0 1290.0 1.34
24 25 265.0 3 7869.0 5663.0 1.17
25 27 267.0 3 7706.0 4595.0 2.0
26 27 267.0 3 6496.0 8780.0 1.97
27 28 268.0 3 10369.0 3008.0 0.68
28 29 269.0 3 8669.0 8155.0 1.98
29 31 271.0 3 1659.0 1795.0 0.3
30 31 271.0 3 8772.0 5400.0 1.19
31 34 274.0 3 7754.0 7019.0 0.34
32 34 274.0 3 6126.0 3306.0 1.01
33 36 276.0 3 8899.0 3110.0 0.69
34 37 277.0 3 9957.0 6107.0 0.58
35 37 277.0 3 5296.0 4318.0 0.68
36 46 286.0 3 2921.0 6510.0 1.28
37 48 288.0 3 6385.0 7309.0 0.81
38 48 288.0 3 6597.0 5443.0 1.02
39 49 289.0 3 5646.0 6935.0 0.82
40 49 289.0 3 3887.0 5818.0 0.88
41 49 289.0 3 7982.0 4273.0 1.71
42 49 289.0 3 5515.0 2963.0 1.48
43 50 290.0 3 6975.0 4728.0 0.49
44 50 290.0 3 8979.0 5179.0 0.93
45 52 292.0 3 1380.0 6688.0 0.5
46 52 292.0 3 1432.0 9073.0 1.57
47 55 295.0 3 6175.0 2383.0 1.53
48 60 300.0 3 5658.0 5844.0 0.52
49 61 301.0 3 5099.0 5203.0 1.56
50 61 301.0 3 3867.0 3120.0 1.45
51 64 304.0 3 6517.0 3169.0 0.99
52 66 306.0 3 6063.0 7212.0 0.9
53 68 308.0 3 4541.0 4748.0 0.74
54 68 308.0 3 3838.0 6877.0 1.46
55 69 309.0 3 1135.0 4446.0 0.57
56 71 311.0 3 3711.0 1047.0 0.81
57 71 311.0 3 1348.0 2913.0 1.4
58 74 314.0 3 3331.0 5483.0 1.75
59 75 315.0 3 7834.0 6127.0 0.77
60 77 317.0 3 3870.0 3964.0 0.9
61 78 318.0 3 5647.0 7683.0 0.54
62 78 318.0 3 8291.0 2969.0 1.53
63 78 318.0 3 5335.0 5705.0 1.63
64 79 319.0 3 4406.0 4390.0 1.71
65 81 321.0 3 9706.0 5259.0 0.92
66 82 322.0 3 5336.0 5146.0 1.86
67 82 322.0 3 5818.0 2413.0 0.99
68 82 322.0 3 6867.0 4281.0 1.03
69 84 324.0 3 3944.0 3785.0 1.23
70 85 325.0 3 1262.0 6731.0 0.64
71 86 326.0 3 9023.0 6563.0 0.73
72 86 326.0 3 1707.0 5146.0 0.37
73 87 327.0 3 2526.0 6292.0 0.48
74 88 328.0 3 8083.0 2848.0 1.55
75 89 329.0 3 4099.0 6034.0 0.32
76 92 332.0 3 7144.0 3902.0 0.52
77 92 332.0 3 4802.0 1051.0 1.39
78 94 334.0 3 3492.0 5201.0 0.36
79 95 335.0 3 -54.0 3003.0 0.53
80 95 335.0 3 3011.0 4687.0 0.71
81 96 336.0 3 8867.0 8810.0 1.15
82 99 339.0 3 6142.0 4537.0 1.76
83 99 339.0 3 8276.0 5979.0 1.4
84 99 339.0 3 1211.0 4388.0 1.18
85 99 339.0 3 7036.0 7615.0 0.87
86 102 342.0 3 9361.0 5774.0 1.15
87 102 342.0 3 3600.0 3138.0 1.25
88 103 343.0 3 4972.0 3327.0 0.5
89 103 343.0 3 4908.0 4783.0 0.9
90 103 343.0 3 4386.0 4046.0 1.8
91 104 344.0 3 3547.0 6509.0 1.93
92 104 344.0 3 6008.0 2697.0 1.15
93 109 349.0 3 7746.0 1158.0 0.4
94 110 350.0 3 5426.0 5052.0 0.76
95 110 350.0 3 5022.0 6496.0 0.63
96 110 350.0 3 7739.0 4048.0 0.35
97 111 351.0 3 1366.0 2826.0 0.78
98 111 351.0 3 6863.0 1087.0 1.78
99 112 352.0 3 6413.0 6308.0 0.3
100 112 352.0 3 1039.0 7055.0 0.86
101 113 353.0 3 8118.0 2804.0 0.92
102 114 354.0 3 256.0 4634.0 1.68
103 115 355.0 3 3772.0 7221.0 0.89
104 116 356.0 3 5254.0 3920.0 1.92
105 117 357.0 3 6172.0 3804.0 1.74
106 117 357.0 3 4621.0 -235.0 0.61
107 118 358.0 3 1678.0 6373.0 0.57
108 120 360.0 3 7340.0 6220.0 1.21
109 121 361.0 3 4553.0 733.0 1.66
110 122 362.0 3 1636.0 6489.0 1.26
111 122 362.0 3 3183.0 2125.0 1.02
112 124 364.0 3 6368.0 4785.0 1.68
113 130 370.0 3 5162.0 9529.0 1.36
114 131 371.0 3 1668.0 7223.0 1.73
115 131 371.0 3 10143.0 5306.0 1.15
116 132 372.0 3 2755.0 3750.0 1.25
117 133 373.0 3 6637.0 9358.0 1.63
118 134 374.0 3 3823.0 2861.0 1.19
119 136 376.0 3 8085.0 2012.0 1.95
120 138 378.0 3 7844.0 2293.0 1.28
121 138 378.0 3 6156.0 3341.0 1.49
122 139 379.0 3 980.0 3858.0 1.13
123 140 380.0 3 5648.0 6144.0 1.6
124 141 381.0 3 4291.0 6246.0 0.9
125 141 381.0 3 2409.0 3527.0 0.45
126 143 383.0 3 8033.0 701.0 1.53
127 144 384.0 3 6027.0 5556.0 1.51
128 147 387.0 3 5241.0 4704.0 0.34
129 147 387.0 3 5594.0 3245.0 1.52
130 148 388.0 3 7851.0 8822.0 0.79
131 148 388.0 3 5283.0 3093.0 1.78
132 150 390.0 3 4051.0 5197.0 1.31
133 150 390.0 3 8074.0 5455.0 0.91
134 151 391.0 3 3748.0 5050.0 1.64
135 152 392.0 3 3577.0 3024.0 0.57
136 153 393.0 3 5617.0 6216.0 0.55
137 154 394.0 3 4528.0 4693.0 0.88
138 156 396.0 3 6753.0 3001.0 1.56
139 156 396.0 3 3075.0 3043.0 0.72
140 158 398.0 3 3347.0 7919.0 0.56
141 159 399.0 3 3674.0 8286.0 1.27
142 159 399.0 3 6785.0 3620.0 1.72
143 159 399.0 3 3855.0 5142.0 1.1
144 161 401.0 3 3155.0 2648.0 1.83
145 164 404.0 3 3375.0 6396.0 0.64
146 164 404.0 3 4093.0 2366.0 1.89
147 165 405.0 3 6432.0 3339.0 0.87
148 168 408.0 3 5232.0 6328.0 1.54
149 169 409.0 3 5068.0 5728.0 1.94
150 170 410.0 3 4231.0 5085.0 1.04
151 171 411.0 3 3857.0 7436.0 1.54
152 172 412.0 3 4823.0 6587.0 1.3
153 173 413.0 3 4270.0 1948.0 0.43
154 174 414.0 3 3203.0 4862.0 0.49
155 175 415.0 3 4246.0 4800.0 1.22
156 175 415.0 3 5978.0 143.0 1.59
157 175 415.0 3 1393.0 5597.0 0.68
158 177 417.0 3 4835.0 4243.0 1.01
159 178 418.0 3 6321.0 6353.0 0.39
160 178 418.0 3 9115.0 3260.0 0.37
161 179 419.0 3 7929.0 6392.0 0.59
162 180 420.0 3 4679.0 4906.0 0.49
163 180 420.0 3 5211.0 2940.0 0.5
164 180 420.0 3 7135.0 4569.0 1.23
165 181 421.0 3 9483.0 6868.0 1.93
166 182 422.0 3 3358.0 3142.0 1.23
167 183 423.0 3 2861.0 8770.0 1.82
168 184 424.0 3 4049.0 6384.0 1.93
169 188 428.0 3 6136.0 2672.0 1.27
170 189 429.0 3 3476.0 5928.0 0.69
171 189 429.0 3 8211.0 4235.0 0.86
172 190 430.0 3 7803.0 3810.0 1.39
173 193 433.0 3 4489.0 5477.0 0.77
174 194 434.0 3 5517.0 5126.0 1.84
175 194 434.0 3 4270.0 1499.0 0.3
176 197 437.0 3 4907.0 5250.0 1.24
177 198 438.0 3 1674.0 2754.0 1.83
178 199 439.0 3 7929.0 3828.0 1.4
179 199 439.0 3 5602.0 5123.0 1.87
180 199 439.0 3 5536.0 6387.0 1.34
181 202 442.0 3 8159.0 8571.0 1.41
182 203 443.0 3 9365.0 1357.0 0.91
183 203 443.0 3 2900.0 7156.0 1.98
184 203 443.0 3 6274.0 4831.0 0.87
185 205 445.0 3 1667.0 4887.0 1.02
186 206 446.0 3 5561.0 3859.0 1.65
187 208 448.0 3 6610.0 3486.0 1.97
188 209 449.0 3 5535.0 4047.0 1.98
189 213 453.0 3 1479.0 4690.0 1.89
190 216 456.0 3 6258.0 9742.0 1.32
191 216 456.0 3 7248.0 7464.0 0.53
192 220 460.0 3 3389.0 7662.0 0.48
193 221 461.0 3 5048.0 2731.0 0.82
194 221 461.0 3 6342.0 7579.0 0.95
195 223 463.0 3 4593.0 4918.0 1.36
196 223 463.0 3 4795.0 8720.0 1.11
197 223 463.0 3 6958.0 9566.0 1.84
198 225 465.0 3 4068.0 431.0 1.2
199 225 465.0 3 3780.0 6841.0 1.63
200 225 465.0 3 6539.0 5980.0 0.83
201 227 467.0 3 4741.0 4511.0 1.15
202 227 467.0 3 284.0 5169.0 0.85
203 228 468.0 3 5226.0 7804.0 1.76
204 228 468.0 3 1730.0 4721.0 1.06
205 229 469.0 3 4501.0 1273.0 0.92
206 231 471.0 3 4896.0 4979.0 0.64
207 231 471.0 3 6138.0 6117.0 1.04
208 232 472.0 3 5563.0 1142.0 0.35
209 232 472.0 3 7366.0 5950.0 0.87
210 232 472.0 3 5023.0 6445.0 1.07
211 233 473.0 3 7868.0 2285.0 1.56
212 237 477.0 3 4469.0 2910.0 1.22
213 239 479.0 3 5146.0 6501.0 0.91
214 239 479.0 3 9952.0 5387.0 0.98
215 241 481.0 3 4528.0 4910.0 1.27
216 241 481.0 3 4629.0 89.0 1.27
217 242 482.0 3 7065.0 4759.0 1.4
218 242 482.0 3 6691.0 5466.0 1.22
219 243 483.0 3 3439.0 3683.0 0.37
220 243 483.0 3 3832.0 2591.0 0.5
221 244 484.0 3 5527.0 8251.0 1.13
222 244 484.0 3 5863.0 2179.0 0.51
223 245 485.0 3 7925.0 5451.0 0.73
224 245 485.0 3 9981.0 4047.0 1.33
225 245 485.0 3 6826.0 2794.0 0.65
226 246 486.0 3 9280.0 5591.0 0.48
227 246 486.0 3 2927.0 4484.0 0.54
228 246 486.0 3 5912.0 3031.0 0.59
229 247 487.0 3 2539.0 7234.0 1.05
230 247 487.0 3 3089.0 6988.0 1.23
231 247 487.0 3 4879.0 5866.0 1.12
232 248 488.0 3 5584.0 5689.0 1.31
233 250 490.0 3 2807.0 3926.0 0.79
234 251 491.0 3 8546.0 2791.0 1.35
235 253 493.0 3 4567.0 8008.0 1.7
236 253 493.0 3 7450.0 8415.0 1.53
237 257 497.0 3 1956.0 361.0 1.28
238 257 497.0 3 5809.0 8298.0 0.44
239 260 500.0 3 4765.0 3425.0 0.4
240 260 500.0 3 5503.0 4243.0 1.78
241 264 504.0 3 1546.0 4592.0 0.76
242 266 506.0 3 5360.0 5834.0 1.67
243 267 507.0 3 6787.0 8825.0 1.45
244 268 508.0 3 2650.0 1645.0 1.23
245 268 508.0 3 2243.0 4975.0 1.69
246 269 509.0 3 6131.0 7917.0 0.91
247 270 510.0 3 1279.0 3886.0 0.36
248 270 510.0 3 7317.0 7953.0 0.4
249 271 511.0 3 5317.0 7076.0 0.61
250 272 512.0 3 2059.0 7750.0 0.57
251 273 513.0 3 4843.0 4058.0 1.56
252 274 514.0 3 5027.0 5875.0 1.8
253 275 515.0 3 7885.0 9573.0 0.95
254 276 516.0 3 5751.0 780.0 1.52
255 276 516.0 3 8800.0 4502.0 1.22
256 276 516.0 3 2668.0 5640.0 1.17
257 278 518.0 3 7698.0 7425.0 0.88
258 282 522.0 3 4027.0 6566.0 0.91
259 283 523.0 3 6349.0 1115.0 0.8
260 286 526.0 3 7859.0 6039.0 1.78
261 287 527.0 3 4258.0 3489.0 0.79
262 287 527.0 3 2777.0 2974.0 0.91
263 288 528.0 3 6149.0 3433.0 0.61
264 288 528.0 3 4038.0 4640.0 1.05
265 289 529.0 3 1597.0 367.0 0.97
266 293 533.0 3 10100.0 7211.0 1.43
267 294 534.0 3 3919.0 1959.0 1.4
268 294 534.0 3 3505.0 6767.0 1.19
269 294 534.0 3 -275.0 4419.0 0.65
270 294 534.0 3 -868.0 4606.0 1.08
271 295 535.0 3 5156.0 7267.0 0.83
272 297 537.0 3 6721.0 7153.0 0.6
273 302 542.0 3 5195.0 5122.0 1.7
274 303 543.0 3 3276.0 7693.0 1.93
275 303 543.0 3 4335.0 11247.0 0.31
276 303 543.0 3 2577.0 3750.0 1.09
277 303 543.0 3 4132.0 4907.0 0.69
278 304 544.0 3 8088.0 7178.0 1.64
279 305 545.0 3 4012.0 7275.0 1.51
280 305 545.0 3 3433.0 7210.0 1.88
281 305 545.0 3 8968.0 5175.0 0.88
282 306 546.0 3 2282.0 3534.0 1.0
283 306 546.0 3 5236.0 1951.0 0.98
284 307 547.0 3 2496.0 2153.0 0.6
285 309 549.0 3 3617.0 2381.0 1.35
286 309 549.0 3 7986.0 9182.0 1.55
287 309 549.0 3 4491.0 3092.0 1.09
288 310 550.0 3 2602.0 4865.0 1.67
289 310 550.0 3 4130.0 -1660.0 0.43
290 310 550.0 3 7668.0 6164.0 1.68
291 311 551.0 3 6280.0 6588.0 0.52
292 311 551.0 3 7555.0 5024.0 1.34
293 313 553.0 3 2119.0 4436.0 0.38
294 316 556.0 3 7236.0 1726.0 0.3
295 316 556.0 3 3755.0 2620.0 1.72
296 317 557.0 3 5294.0 6504.0 1.69
297 319 559.0 3 8230.0 3015.0 1.7
298 319 559.0 3 2199.0 5310.0 0.91
299 320 560.0 3 8022.0 2203.0 1.46
300 321 561.0 3 3396.0 2750.0 0.35
301 321 561.0 3 3522.0 3354.0 1.82
302 323 563.0 3 1708.0 2632.0 0.7
303 324 564.0 3 6723.0 3486.0 0.62
304 325 565.0 3 4292.0 3744.0 1.76
305 325 565.0 3 6329.0 4661.0 1.48
306 325 565.0 3 7133.0 7421.0 0.37
307 327 567.0 3 5405.0 4621.0 0.76
308 328 568.0 3 4716.0 4755.0 1.94
309 329 569.0 3 3797.0 2360.0 1.38
310 329 569.0 3 4696.0 7701.0 0.51
311 330 570.0 3 5253.0 4528.0 0.5
312 331 571.0 3 1724.0 8114.0 1.13
313 333 573.0 3 4996.0 1217.0 1.82
314 333 573.0 3 6302.0 8924.0 1.95
315 334 574.0 3 3424.0 4188.0 0.42
316 334 574.0 3 4554.0 2663.0 1.55
317 334 574.0 3 4357.0 1236.0 1.46
318 335 575.0 3 6238.0 -571.0 0.73
319 335 575.0 3 6772.0 4136.0 0.61
320 336 576.0 3 9201.0 2382.0 0.94
321 338 578.0 3 8602.0 1860.0 0.66
322 338 578.0 3 2499.0 5791.0 1.68
323 339 579.0 3 3511.0 4467.0 1.19
324 339 579.0 3 5586.0 331.0 0.73
325 341 581.0 3 2331.0 3104.0 1.73
326 341 581.0 3 6334.0 5880.0 0.71
327 342 582.0 3 4828.0 8366.0 1.96
328 345 585.0 3 4624.0 7618.0 0.85
329 345 585.0 3 4590.0 4924.0 0.65
330 347 587.0 3 3909.0 2955.0 1.04
331 348 588.0 3 3873.0 4721.0 1.43
332 350 590.0 3 4383.0 4485.0 0.52
333 351 591.0 3 5127.0 5162.0 0.48
334 352 592.0 3 4492.0 10435.0 1.46
335 353 593.0 3 2567.0 7409.0 0.4
336 355 595.0 3 7604.0 3704.0 0.66
337 356 596.0 3 7632.0 2196.0 0.69
338 358 598.0 3 5124.0 3940.0 1.31
339 362 602.0 3 3227.0 2788.0 1.62
340 363 603.0 3 3744.0 7131.0 1.01
341 363 603.0 3 1501.0 4341.0 1.82
342 366 606.0 3 4888.0 1846.0 0.54
343 366 606.0 3 4188.0 493.0 1.9
344 367 607.0 3 6055.0 -7.0 0.58
345 368 608.0 3 9350.0 5750.0 1.6
346 368 608.0 3 3234.0 7412.0 0.8
347 368 608.0 3 5881.0 4912.0 0.54
348 369 609.0 3 6923.0 6002.0 0.59
349 369 609.0 3 6211.0 -811.0 0.51
350 370 610.0 3 3590.0 5211.0 1.26
351 372 612.0 3 5680.0 6531.0 0.32
352 372 612.0 3 9037.0 2686.0 1.5
353 372 612.0 3 3194.0 4081.0 1.78
354 373 613.0 3 2653.0 1749.0 0.6
355 374 614.0 3 3701.0 1289.0 1.7
356 376 616.0 3 6642.0 9790.0 1.01
357 378 618.0 3 9552.0 4276.0 0.49
358 379 619.0 3 10009.0 5788.0 1.52
359 379 619.0 3 5483.0 7623.0 0.44
360 379 619.0 3 6556.0 2526.0 1.77
361 379 619.0 3 6461.0 3658.0 1.83
362 380 620.0 3 7666.0 3255.0 0.38
363 380 620.0 3 3190.0 3301.0 1.12
364 381 621.0 3 3548.0 5831.0 0.4
365 381 621.0 3 4466.0 5166.0 1.42
366 382 622.0 3 4473.0 5372.0 1.09
367 383 623.0 3 5676.0 7225.0 1.78
368 383 623.0 3 2038.0 10348.0 0.77
369 384 624.0 3 453.0 6086.0 0.85
370 385 625.0 3 5795.0 1394.0 1.32
371 386 626.0 3 5376.0 7072.0 1.69
372 387 627.0 3 9693.0 8346.0 0.59
373 387 627.0 3 3256.0 5389.0 1.35
374 387 627.0 3 4434.0 1752.0 1.86
375 387 627.0 3 5344.0 5474.0 1.85
376 388 628.0 3 6727.0 4805.0 1.98
377 389 629.0 3 3271.0 8055.0 0.55
378 389 629.0 3 5739.0 4029.0 0.64
379 391 631.0 3 5881.0 1488.0 1.67
380 395 635.0 3 5166.0 3216.0 0.73
381 396 636.0 3 6543.0 2440.0 1.94
382 399 639.0 3 9362.0 2424.0 0.81
383 401 641.0 3 3093.0 5269.0 1.9
384 402 642.0 3 5300.0 7083.0 0.95
385 403 643.0 3 5935.0 3079.0 0.81
386 403 643.0 3 7860.0 4555.0 1.97
387 405 645.0 3 7365.0 5299.0 1.45
388 405 645.0 3 4791.0 4011.0 0.44
389 406 646.0 3 6996.0 7180.0 0.98
390 407 647.0 3 5994.0 2773.0 1.51
391 407 647.0 3 9315.0 3906.0 1.02
392 407 647.0 3 413.0 1868.0 1.04
393 407 647.0 3 1612.0 5822.0 0.66
394 410 650.0 3 7191.0 9425.0 0.97
395 411 651.0 3 4345.0 3359.0 0.31
396 414 654.0 3 4022.0 3712.0 1.99
397 416 656.0 3 5707.0 4113.0 1.42
398 416 656.0 3 4397.0 5153.0 1.67
399 417 657.0 3 4801.0 4927.0 1.67
400 419 659.0 3 7434.0 5194.0 1.89
0 0 540 30 5000 5000 0
Num_drones 24
